Gender,Event,Location,Year,Medal,Name,Nationality,Result
M,10000M Men,Rio,2016,G,Mohamed FARAH,USA,25:05.17
M,10000M Men,Rio,2016,S,Paul Kipngetich TANUI,KEN,27:05.64
M,10000M Men,Rio,2016,B,Tamirat TOLA,ETH,27:06.26
M,10000M Men,Beijing,2008,G,Kenenisa BEKELE,ETH,27:01.17
M,10000M Men,Beijing,2008,S,Sileshi SIHINE,ETH,27:02.77
M,10000M Men,Beijing,2008,B,Micah KOGO,KEN,27:04.11
M,10000M Men,Sydney,2000,G,Haile GEBRSELASSIE,ETH,27:18.20
M,10000M Men,Sydney,2000,S,Paul TERGAT,KEN,27:18.29
M,10000M Men,Sydney,2000,B,Assefa MEZGEBU,ETH,27:19.75
M,10000M Men,Barcelona,1992,G,Khalid SKAH,MAR,27:46.70
M,10000M Men,Barcelona,1992,S,Richard CHELIMO,KEN,27:47.72
M,10000M Men,Barcelona,1992,B,Addis ABEBE,ETH,28:00.07
M,10000M Men,Los Angeles,1984,G,Alberto COVA,ITA,27:47.54
M,10000M Men,Los Angeles,1984,S,Michael MCLEOD,GBR,28:06.22
M,10000M Men,Los Angeles,1984,B,Michael MUSYOKI,KEN,28:06.46
M,10000M Men,Montreal,1976,G,Lasse VIREN,FIN,27:40.38
M,10000M Men,Montreal,1976,S,Carlos LOPES,POR,27:45.17
M,10000M Men,Montreal,1976,B,Brendan FOSTER,GBR,27:54.92
M,10000M Men,Mexico,1968,G,Naftali TEMU,KEN,29:27.4
M,10000M Men,Mexico,1968,S,Mamo WOLDE,ETH,29:28.0
M,10000M Men,Mexico,1968,B,Mohamed GAMMOUDI,TUN,29:34.2
M,10000M Men,Rome,1960,G,Pyotr BOLOTNIKOV,URS,28:32.2
M,10000M Men,Rome,1960,S,Hans GRODOTZKI,EUA,28:37.0
M,10000M Men,Rome,1960,B,David POWER,AUS,28:38.2
M,10000M Men,Helsinki,1952,G,Emil ZÃTOPEK,TCH,29:17.0
M,10000M Men,Helsinki,1952,S,Alain MIMOUN,FRA,29:32.8
M,10000M Men,Helsinki,1952,B,Aleksandr ANUFRIYEV,URS,29:48.2
M,10000M Men,Berlin,1936,G,Ilmari SALMINEN,FIN,30:15.4
M,10000M Men,Berlin,1936,S,Arvo ASKOLA,FIN,30:15.6
M,10000M Men,Berlin,1936,B,Volmari ISO-HOLLO,FIN,30:20.2
M,10000M Men,Amsterdam,1928,G,Paavo NURMI,FIN,30:18.8
M,10000M Men,Amsterdam,1928,S,Ville RITOLA,FIN,30:19.4
M,10000M Men,Amsterdam,1928,B,Edvin WIDE,SWE,31:00.8
M,10000M Men,Antwerp,1920,G,Paavo NURMI,FIN,31:45.8
M,10000M Men,Antwerp,1920,S,Joseph GUILLEMOT,FRA,31:47.2
M,10000M Men,Antwerp,1920,B,James WILSON,GBR,31:50.8
M,10000M Men,London,2012,G,Mohamed FARAH,GBR,27:30.42
M,10000M Men,London,2012,S,Galen RUPP,USA,27:30.90
M,10000M Men,London,2012,B,Tariku BEKELE,ETH,27:31.43
M,10000M Men,Athens,2004,G,Kenenisa BEKELE,ETH,27:05.10
M,10000M Men,Athens,2004,S,Sileshi SIHINE,ETH,27:09.39
M,10000M Men,Athens,2004,B,Zersenay TADESE,ERI,27:22.57
M,10000M Men,Atlanta,1996,G,Haile GEBRSELASSIE,ETH,27:07.34
M,10000M Men,Atlanta,1996,S,Paul TERGAT,KEN,27:08.17
M,10000M Men,Atlanta,1996,B,Salah HISSOU,MAR,27:24.67
M,10000M Men,Moscow,1980,G,Miruts YIFTER,ETH,27:42.7
M,10000M Men,Moscow,1980,S,Kaarlo MAANINKA,FIN,27:44.3
M,10000M Men,Moscow,1980,B,Mohammed KEDIR,ETH,27:44.7
M,10000M Men,Munich,1972,G,Lasse VIREN,FIN,27:38.35
M,10000M Men,Munich,1972,S,Emiel PUTTEMANS,BEL,27:39.58
M,10000M Men,Munich,1972,B,Miruts YIFTER,ETH,27:40.96
M,10000M Men,Tokyo,1964,G,Billy MILLS,USA,28:24.4
M,10000M Men,Tokyo,1964,S,Mohamed GAMMOUDI,TUN,28:24.8
M,10000M Men,Tokyo,1964,B,Ron CLARKE,AUS,28:25.8
M,10000M Men,Melbourne / Stockholm,1956,G,Vladimir KUTS,URS,28:45.6
M,10000M Men,Melbourne / Stockholm,1956,S,JÃ³zsef KOVÃCS,HUN,28:52.4
M,10000M Men,Melbourne / Stockholm,1956,B,Allan LAWRENCE,AUS,28:53.6
M,10000M Men,London,1948,G,Emil ZÃTOPEK,TCH,29:59.6
M,10000M Men,London,1948,S,Alain MIMOUN,FRA,30:47.4
M,10000M Men,London,1948,B,Bertil ALBERTSSON,SWE,30:53.6
M,10000M Men,Los Angeles,1932,G,Janusz KUSOCINSKI,POL,30:11.4
M,10000M Men,Los Angeles,1932,S,Volmari ISO-HOLLO,FIN,30:12.6
M,10000M Men,Los Angeles,1932,B,Lauri VIRTANEN,FIN,30:35.0
M,10000M Men,Paris,1924,G,Ville RITOLA,FIN,30:23.2
M,10000M Men,Paris,1924,S,Edvin WIDE,SWE,30:55.2
M,10000M Men,Paris,1924,B,Eero BERG,FIN,31:43.0
M,10000M Men,Stockholm,1912,G,Hannes KOLEHMAINEN,FIN,31:20.8
M,10000M Men,Stockholm,1912,S,Lewis TEWANIMA,USA,32:06.6
M,10000M Men,Stockholm,1912,B,Albin STENROOS,FIN,32:21.8
M,100M Men,Rio,2016,G,Usain BOLT,JAM,9.81
M,100M Men,Rio,2016,S,Justin GATLIN,USA,9.89
M,100M Men,Rio,2016,B,Andre DE GRASSE,CAN,9.91
M,100M Men,Beijing,2008,G,Usain BOLT,JAM,9.69
M,100M Men,Beijing,2008,S,Richard THOMPSON,TTO,9.89
M,100M Men,Beijing,2008,B,Walter DIX,USA,9.91
M,100M Men,Sydney,2000,G,Maurice GREENE,USA,9.87
M,100M Men,Sydney,2000,S,Ato BOLDON,TTO,9.99
M,100M Men,Sydney,2000,B,Obadele THOMPSON,BAR,10.04
M,100M Men,Barcelona,1992,G,Linford CHRISTIE,GBR,9.96
M,100M Men,Barcelona,1992,S,Frank FREDERICKS,NAM,10.02
M,100M Men,Barcelona,1992,B,Dennis MITCHELL,USA,10.04
M,100M Men,Los Angeles,1984,G,Carl LEWIS,USA,9.99
M,100M Men,Los Angeles,1984,S,Sam GRADDY,USA,10.19
M,100M Men,Los Angeles,1984,B,Ben JOHNSON,CAN,10.22
M,100M Men,Montreal,1976,G,Hasely CRAWFORD,TTO,10.06
M,100M Men,Montreal,1976,S,Donald QUARRIE,JAM,10.08
M,100M Men,Montreal,1976,B,Valery BORZOV,URS,10.14
M,100M Men,Mexico,1968,G,Jim HINES,USA,9.9
M,100M Men,Mexico,1968,S,Lennox MILLER,JAM,10.0
M,100M Men,Mexico,1968,B,Charlie GREENE,USA,10.0
M,100M Men,Rome,1960,G,Armin HARY,EUA,10.2
M,100M Men,Rome,1960,S,Dave SIME,USA,10.2
M,100M Men,Rome,1960,B,Peter RADFORD,GBR,10.3
M,100M Men,Helsinki,1952,G,Lindy REMIGINO,USA,10.4
M,100M Men,Helsinki,1952,S,Herbert MCKENLEY,JAM,10.4
M,100M Men,Helsinki,1952,B,Emmanuel McDONALD BAILEY,GBR,10.4
M,100M Men,Berlin,1936,G,Jesse OWENS,USA,10.3
M,100M Men,Berlin,1936,S,Ralph METCALFE,USA,10.4
M,100M Men,Berlin,1936,B,Martinus OSENDARP,NED,10.5
M,100M Men,Amsterdam,1928,G,Percy WILLIAMS,CAN,10.8
M,100M Men,Amsterdam,1928,S,Jack LONDON,GBR,10.9
M,100M Men,Amsterdam,1928,B,Georg LAMMERS,GER,10.9
M,100M Men,Antwerp,1920,G,Charles PADDOCK,USA,10.8
M,100M Men,Antwerp,1920,S,Morris KIRKSEY,USA,10.8
M,100M Men,Antwerp,1920,B,Harry EDWARD,GBR,10.9
M,100M Men,London,1908,G,Reggie WALKER,RSA,10.8
M,100M Men,London,1908,S,John RECTOR,USA,None
M,100M Men,London,1908,B,Robert KERR,CAN,None
M,100M Men,Paris,1900,G,Frank JARVIS,USA,11.0
M,100M Men,Paris,1900,S,Walter TEWKSBURY,USA,11.1
M,100M Men,Paris,1900,B,Stanley ROWLEY,AUS,11.2
M,100M Men,London,2012,G,Usain BOLT,JAM,9.63
M,100M Men,London,2012,S,Yohan BLAKE,JAM,9.75
M,100M Men,London,2012,B,Justin GATLIN,USA,9.79
M,100M Men,Athens,2004,G,Justin GATLIN,USA,9.85
M,100M Men,Athens,2004,S,Francis OBIKWELU,POR,9.86
M,100M Men,Athens,2004,B,Maurice GREENE,USA,9.87
M,100M Men,Atlanta,1996,G,Donovan BAILEY,CAN,9.84
M,100M Men,Atlanta,1996,S,Frank FREDERICKS,NAM,9.89
M,100M Men,Atlanta,1996,B,Ato BOLDON,TTO,9.9
M,100M Men,Moscow,1980,G,Allan WELLS,GBR,10.25
M,100M Men,Moscow,1980,S,Silvio LEONARD SARRIA,CUB,10.25
M,100M Men,Moscow,1980,B,Peter PETROV,BUL,10.39
M,100M Men,Munich,1972,G,Valery BORZOV,URS,10.14
M,100M Men,Munich,1972,S,Robert TAYLOR,USA,10.24
M,100M Men,Munich,1972,B,Lennox MILLER,JAM,10.33
M,100M Men,Tokyo,1964,G,Bob HAYES,USA,10.0
M,100M Men,Tokyo,1964,S,Enrique FIGUEROLA,CUB,10.2
M,100M Men,Tokyo,1964,B,Harry JEROME,CAN,10.2
M,100M Men,Melbourne / Stockholm,1956,G,Bobby MORROW,USA,10.5
M,100M Men,Melbourne / Stockholm,1956,S,Thane BAKER,USA,10.5
M,100M Men,Melbourne / Stockholm,1956,B,Hector HOGAN,AUS,10.6
M,100M Men,London,1948,G,Harrison DILLARD,USA,10.3
M,100M Men,London,1948,S,Barney EWELL,USA,10.4
M,100M Men,London,1948,B,Lloyd LABEACH,PAN,10.6
M,100M Men,Los Angeles,1932,G,Eddie TOLAN,USA,10.3
M,100M Men,Los Angeles,1932,S,Ralph METCALFE,USA,10.3
M,100M Men,Los Angeles,1932,B,Arthur JONATH,GER,10.4
M,100M Men,Paris,1924,G,Harold ABRAHAMS,GBR,10.6
M,100M Men,Paris,1924,S,Jackson SCHOLZ,USA,10.7
M,100M Men,Paris,1924,B,Arthur PORRITT,NZL,10.8
M,100M Men,Stockholm,1912,G,Ralph CRAIG,USA,10.8
M,100M Men,Stockholm,1912,S,Alvah MEYER,USA,10.9
M,100M Men,Stockholm,1912,B,Donald LIPPINCOTT,USA,10.9
M,100M Men,St Louis,1904,G,Archie HAHN,USA,11.0
M,100M Men,St Louis,1904,S,Nate CARTMELL,USA,11.2
M,100M Men,St Louis,1904,B,William HOGENSON,USA,11.2
M,100M Men,Athens,1896,G,Thomas BURKE,USA,12.0
M,100M Men,Athens,1896,S,Fritz HOFMANN,GER,12.2
M,100M Men,Athens,1896,B,Alajos SZOKOLYI,HUN,12.6
M,100M Men,Athens,1896,B,Francis LANE,USA,12.6
M,110M Hurdles Men,Rio,2016,G,Omar MCLEOD,JAM,13.05
M,110M Hurdles Men,Rio,2016,S,Orlando ORTEGA,ESP,13.17
M,110M Hurdles Men,Rio,2016,B,Dimitri BASCOU,FRA,13.24
M,110M Hurdles Men,Beijing,2008,G,Dayron ROBLES,CUB,12.93,+0.1
M,110M Hurdles Men,Beijing,2008,S,David PAYNE,USA,13.17,+0.1
M,110M Hurdles Men,Beijing,2008,B,David OLIVER,USA,13.18,+0.1
M,110M Hurdles Men,Sydney,2000,G,Anier GARCIA,CUB,13.0
M,110M Hurdles Men,Sydney,2000,S,Terrence TRAMMELL,USA,13.16
M,110M Hurdles Men,Sydney,2000,B,Mark CREAR,USA,13.22
M,110M Hurdles Men,Barcelona,1992,G,Mark MCKOY,CAN,13.12
M,110M Hurdles Men,Barcelona,1992,S,Tony DEES,USA,13.24
M,110M Hurdles Men,Barcelona,1992,B,Jack PIERCE,USA,13.26
M,110M Hurdles Men,Los Angeles,1984,G,Roger KINGDOM,USA,13.2
M,110M Hurdles Men,Los Angeles,1984,S,Greg FOSTER,USA,13.23
M,110M Hurdles Men,Los Angeles,1984,B,Arto BRYGGARE,FIN,13.4
M,110M Hurdles Men,Montreal,1976,G,Guy DRUT,FRA,13.3
M,110M Hurdles Men,Montreal,1976,S,Alejandro CASAÃAS,CUB,13.33
M,110M Hurdles Men,Montreal,1976,B,Willie DAVENPORT,USA,13.38
M,110M Hurdles Men,Mexico,1968,G,Willie DAVENPORT,USA,13.3
M,110M Hurdles Men,Mexico,1968,S,Ervin HALL,USA,13.4
M,110M Hurdles Men,Mexico,1968,B,Eddy OTTOZ,ITA,13.4
M,110M Hurdles Men,Rome,1960,G,Lee CALHOUN,USA,13.8
M,110M Hurdles Men,Rome,1960,S,Willie MAY,USA,13.8
M,110M Hurdles Men,Rome,1960,B,Hayes JONES,USA,14.0
M,110M Hurdles Men,Helsinki,1952,G,Harrison DILLARD,USA,13.7
M,110M Hurdles Men,Helsinki,1952,S,Jack DAVIS,USA,13.7
M,110M Hurdles Men,Helsinki,1952,B,Arthur BARNARD,USA,14.1
M,110M Hurdles Men,Berlin,1936,G,Forrest TOWNS,USA,14.2
M,110M Hurdles Men,Berlin,1936,S,Donald FINLAY,GBR,14.4
M,110M Hurdles Men,Berlin,1936,B,Fritz POLLARD,USA,14.4
M,110M Hurdles Men,Amsterdam,1928,G,Sidney ATKINSON,RSA,14.8
M,110M Hurdles Men,Amsterdam,1928,S,Steve ANDERSON,USA,14.8
M,110M Hurdles Men,Amsterdam,1928,B,John COLLIER,USA,14.9
M,110M Hurdles Men,Antwerp,1920,G,Earl THOMSON,CAN,14.8
M,110M Hurdles Men,Antwerp,1920,S,Harold BARRON,USA,15.1
M,110M Hurdles Men,Antwerp,1920,B,Frederick MURRAY,USA,15.1
M,110M Hurdles Men,London,1908,G,Forrest SMITHSON,USA,15.0
M,110M Hurdles Men,London,1908,S,John GARRELLS,USA,15.7
M,110M Hurdles Men,London,1908,B,Arthur SHAW,USA,None
M,110M Hurdles Men,Paris,1900,G,Alvin KRAENZLEIN,USA,15.4
M,110M Hurdles Men,Paris,1900,S,John MCLEAN,USA,15.5
M,110M Hurdles Men,Paris,1900,B,Frederick MOLONEY,USA,15.6
M,110M Hurdles Men,London,2012,G,Aries MERRITT,USA,12.92
M,110M Hurdles Men,London,2012,S,Jason RICHARDSON,USA,13.04
M,110M Hurdles Men,London,2012,B,Hansle PARCHMENT,JAM,13.12
M,110M Hurdles Men,Athens,2004,G,Xiang LIU,CHN,12.91
M,110M Hurdles Men,Athens,2004,S,Terrence TRAMMELL,USA,13.18
M,110M Hurdles Men,Athens,2004,B,Anier GARCIA,CUB,13.2
M,110M Hurdles Men,Atlanta,1996,G,Allen JOHNSON,USA,12.95
M,110M Hurdles Men,Atlanta,1996,S,Mark CREAR,USA,13.09
M,110M Hurdles Men,Atlanta,1996,B,Florian SCHWARTHOFF,GER,13.17
M,110M Hurdles Men,Moscow,1980,G,Thomas MUNKELT,GDR,13.39
M,110M Hurdles Men,Moscow,1980,S,Alejandro CASAÃAS,CUB,13.4
M,110M Hurdles Men,Moscow,1980,B,Aleksandr PUCHKOV,URS,13.44
M,110M Hurdles Men,Munich,1972,G,Rod MILBURN,USA,13.24
M,110M Hurdles Men,Munich,1972,S,Guy DRUT,FRA,13.34
M,110M Hurdles Men,Munich,1972,B,Thomas HILL,USA,13.48
M,110M Hurdles Men,Tokyo,1964,G,Hayes JONES,USA,13.6
M,110M Hurdles Men,Tokyo,1964,S,Blaine LINDGREN,USA,13.7
M,110M Hurdles Men,Tokyo,1964,B,Anatoly MIKHAYLOV,URS,13.7
M,110M Hurdles Men,Melbourne / Stockholm,1956,G,Lee CALHOUN,USA,13.5
M,110M Hurdles Men,Melbourne / Stockholm,1956,S,Jack DAVIS,USA,13.5
M,110M Hurdles Men,Melbourne / Stockholm,1956,B,Joel SHANKLE,USA,14.1
M,110M Hurdles Men,London,1948,G,Bill PORTER,USA,13.9
M,110M Hurdles Men,London,1948,S,Clyde SCOTT,USA,14.1
M,110M Hurdles Men,London,1948,B,Craig DIXON,USA,14.1
M,110M Hurdles Men,Los Angeles,1932,G,George SALING,USA,14.6
M,110M Hurdles Men,Los Angeles,1932,S,Percy BEARD,USA,14.7
M,110M Hurdles Men,Los Angeles,1932,B,Donald FINLAY,GBR,14.8
M,110M Hurdles Men,Paris,1924,G,Daniel KINSEY,USA,15.0
M,110M Hurdles Men,Paris,1924,S,Sidney ATKINSON,RSA,15.0
M,110M Hurdles Men,Paris,1924,B,Sten PETTERSSON,SWE,15.4
M,110M Hurdles Men,Stockholm,1912,G,Frederick KELLY,USA,15.1
M,110M Hurdles Men,Stockholm,1912,S,James WENDELL,USA,15.2
M,110M Hurdles Men,Stockholm,1912,B,Martin HAWKINS,USA,15.3
M,110M Hurdles Men,St Louis,1904,G,Frederick SCHULE,USA,16.0
M,110M Hurdles Men,St Louis,1904,S,Thaddeus SHIDELER,USA,16.3
M,110M Hurdles Men,St Louis,1904,B,Lesley ASHBURNER,USA,16.4
M,110M Hurdles Men,Athens,1896,G,Thomas CURTIS,USA,17.6
M,110M Hurdles Men,Athens,1896,S,Grantley GOULDING,GBR,17.7
M,1500M Men,Rio,2016,G,Matthew CENTROWITZ,USA,3:50.00
M,1500M Men,Rio,2016,S,Taoufik MAKHLOUFI,ALG,3:50.11
M,1500M Men,Rio,2016,B,Nicholas WILLIS,NZL,3:50.24
M,1500M Men,Beijing,2008,G,Asbel Kipruto KIPROP,KEN,3:33.11
M,1500M Men,Beijing,2008,S,Nicholas WILLIS,NZL,3:34.16
M,1500M Men,Beijing,2008,B,Medhi BAALA,FRA,3:34.21
M,1500M Men,Sydney,2000,G,Noah Kiprono NGENYI,KEN,03:32.07
M,1500M Men,Sydney,2000,S,Hicham EL GUERROUJ,MAR,03:32.32
M,1500M Men,Sydney,2000,B,Bernard LAGAT,KEN,03:32.44
M,1500M Men,Barcelona,1992,G,Fermin CACHO RUIZ,ESP,3:40.12
M,1500M Men,Barcelona,1992,S,Rachid EL BASIR,MAR,3:40.62
M,1500M Men,Barcelona,1992,B,Mohamed Ahmed SULAIMAN,QAT,3:40.69
M,1500M Men,Los Angeles,1984,G,Sebastian COE,GBR,3:32.53
M,1500M Men,Los Angeles,1984,S,Steve CRAM,GBR,3:33.40
M,1500M Men,Los Angeles,1984,B,JosÃ© Manuel ABASCAL,ESP,3:34.30
M,1500M Men,Montreal,1976,G,John George WALKER,NZL,3:39.17
M,1500M Men,Montreal,1976,S,Ivo VAN DAMME,BEL,3:39.27
M,1500M Men,Montreal,1976,B,Paul-Heinz WELLMANN,FRG,3:39.33
M,1500M Men,Mexico,1968,G,Kip KEINO,KEN,3:34.9
M,1500M Men,Mexico,1968,S,Jim RYUN,USA,3:37.8
M,1500M Men,Mexico,1968,B,Bodo TÃMMLER,FRG,3:39.0
M,1500M Men,Rome,1960,G,Herb ELLIOTT,AUS,3:35.6
M,1500M Men,Rome,1960,S,Michel JAZY,FRA,3:38.4
M,1500M Men,Rome,1960,B,IstvÃ¡n RÃZSAVÃLGYI,HUN,3:39.2
M,1500M Men,Helsinki,1952,G,Joseph BARTHEL,LUX,3:45.2
M,1500M Men,Helsinki,1952,S,Robert MCMILLEN,USA,3:45.2
M,1500M Men,Helsinki,1952,B,Werner LUEG,GER,3:45.4
M,1500M Men,Berlin,1936,G,John LOVELOCK,NZL,3:47.8
M,1500M Men,Berlin,1936,S,Glenn CUNNINGHAM,USA,3:48.4
M,1500M Men,Berlin,1936,B,Luigi BECCALI,ITA,3:49.2
M,1500M Men,Amsterdam,1928,G,Harri LARVA,FIN,3:53.2
M,1500M Men,Amsterdam,1928,S,Jules LADOUMEGUE,FRA,3:53.8
M,1500M Men,Amsterdam,1928,B,Eino PURJE,FIN,3:56.4
M,1500M Men,Antwerp,1920,G,Albert HILL,GBR,4:01.8
M,1500M Men,Antwerp,1920,S,Philip BAKER,GBR,4:02.4
M,1500M Men,Antwerp,1920,B,Lawrence SHIELDS,USA,4:03.1
M,1500M Men,London,1908,G,Melvin SHEPPARD,USA,4:03.4
M,1500M Men,London,1908,S,Harold WILSON,GBR,4:03.6
M,1500M Men,London,1908,B,Norman HALLOWS,GBR,4:04.0
M,1500M Men,Paris,1900,G,Charles BENNETT,GBR,4:06.2
M,1500M Men,Paris,1900,S,Henri DELOGE,FRA,4:06.6
M,1500M Men,Paris,1900,B,John BRAY,USA,4:07.2
M,1500M Men,London,2012,G,Taoufik MAKHLOUFI,ALG,3:34.08
M,1500M Men,London,2012,S,Leonel MANZANO,USA,3:34.79
M,1500M Men,London,2012,B,Abdalaati IGUIDER,MAR,3:35.13
M,1500M Men,Athens,2004,G,Hicham EL GUERROUJ,MAR,3:34.18
M,1500M Men,Athens,2004,S,Bernard LAGAT,KEN,3:34.30
M,1500M Men,Athens,2004,B,Rui SILVA,POR,3:34.68
M,1500M Men,Atlanta,1996,G,Noureddine MORCELI,ALG,3:35.78
M,1500M Men,Atlanta,1996,S,Fermin CACHO RUIZ,ESP,3:36.40
M,1500M Men,Atlanta,1996,B,Stephen KIPKORIR,KEN,3:36.72
M,1500M Men,Moscow,1980,G,Sebastian COE,GBR,3:38.4
M,1500M Men,Moscow,1980,S,JÃ¼rgen STRAUB,GDR,3:38.8
M,1500M Men,Moscow,1980,B,Steve OVETT,GBR,3:39.0
M,1500M Men,Munich,1972,G,Pekka VASALA,FIN,3:36.33
M,1500M Men,Munich,1972,S,Kip KEINO,KEN,3:36.81
M,1500M Men,Munich,1972,B,Rodney DIXON,NZL,3:37.46
M,1500M Men,Tokyo,1964,G,Peter SNELL,NZL,3:38.1
M,1500M Men,Tokyo,1964,S,Josef ODLOZIL,TCH,3:39.6
M,1500M Men,Tokyo,1964,B,John DAVIES,NZL,3:39.6
M,1500M Men,Melbourne / Stockholm,1956,G,Ron DELANY,IRL,3:41.2
M,1500M Men,Melbourne / Stockholm,1956,S,Klaus RICHTZENHAIN,EUA,3:42.0
M,1500M Men,Melbourne / Stockholm,1956,B,John LANDY,AUS,3:42.0
M,1500M Men,London,1948,G,Henry ERIKSSON,SWE,3:49.8
M,1500M Men,London,1948,S,Lennart STRAND,SWE,3:50.4
M,1500M Men,London,1948,B,Willem SLIJKHUIS,NED,3:50.4
M,1500M Men,Los Angeles,1932,G,Luigi BECCALI,ITA,3:51.2
M,1500M Men,Los Angeles,1932,S,John CORNES,GBR,3:52.6
M,1500M Men,Los Angeles,1932,B,Philip EDWARDS,CAN,None
M,1500M Men,Paris,1924,G,Paavo NURMI,FIN,3:53.6
M,1500M Men,Paris,1924,S,Willy SCHÃRER,SUI,3:55.0
M,1500M Men,Paris,1924,B,Henry STALLARD,GBR,3:55.6
M,1500M Men,Stockholm,1912,G,Arnold JACKSON,GBR,3:56.8
M,1500M Men,Stockholm,1912,S,Abel KIVIAT,USA,3:56.9
M,1500M Men,Stockholm,1912,B,Norman TABER,USA,3:56.9
M,1500M Men,St Louis,1904,G,James LIGHTBODY,USA,4:05.4
M,1500M Men,St Louis,1904,S,William VERNER,USA,4:06.8
M,1500M Men,St Louis,1904,B,Lacey HEARN,USA,None
M,1500M Men,Athens,1896,G,Edwin FLACK,AUS,4:33.2
M,1500M Men,Athens,1896,S,Arthur BLAKE,USA,4:34.0
M,1500M Men,Athens,1896,B,Albin LERMUSIAUX,FRA,4:36.0
M,200M Men,Rio,2016,G,Usain BOLT,JAM,19.78
M,200M Men,Rio,2016,S,Andre DE GRASSE,CAN,20.02
M,200M Men,Rio,2016,B,Christophe LEMAITRE,FRA,20.12
M,200M Men,Beijing,2008,G,Usain BOLT,JAM,19.30,-0.9
M,200M Men,Beijing,2008,S,Shawn CRAWFORD,USA,19.96,-0.9
M,200M Men,Beijing,2008,B,Walter DIX,USA,19.98,-0.9
M,200M Men,Sydney,2000,G,Kostas KENTERIS,GRE,20.09
M,200M Men,Sydney,2000,S,Darren CAMPBELL,GBR,20.14
M,200M Men,Sydney,2000,B,Ato BOLDON,TTO,20.2
M,200M Men,Barcelona,1992,G,Michael MARSH,USA,20.01
M,200M Men,Barcelona,1992,S,Frank FREDERICKS,NAM,20.13
M,200M Men,Barcelona,1992,B,Michael BATES,USA,20.38
M,200M Men,Los Angeles,1984,G,Carl LEWIS,USA,19.8
M,200M Men,Los Angeles,1984,S,Kirk BAPTISTE,USA,19.96
M,200M Men,Los Angeles,1984,B,Thomas JEFFERSON,USA,20.26
M,200M Men,Montreal,1976,G,Donald QUARRIE,JAM,20.23
M,200M Men,Montreal,1976,S,Millard Frank Jr. HAMPTON,USA,20.29
M,200M Men,Montreal,1976,B,Dwayne Eugene EVANS,USA,20.43
M,200M Men,Mexico,1968,G,Tommie SMITH,USA,19.8
M,200M Men,Mexico,1968,S,Peter NORMAN,AUS,20.0
M,200M Men,Mexico,1968,B,John CARLOS,USA,20.0
M,200M Men,Rome,1960,G,Livio BERRUTI,ITA,20.5
M,200M Men,Rome,1960,S,Lester Nelson CARNEY,USA,20.6
M,200M Men,Rome,1960,B,Abdoulaye SEYE,FRA,20.7
M,200M Men,Helsinki,1952,G,Andy STANFIELD,USA,20.7
M,200M Men,Helsinki,1952,S,Thane BAKER,USA,20.8
M,200M Men,Helsinki,1952,B,James GATHERS,USA,20.8
M,200M Men,Berlin,1936,G,Jesse OWENS,USA,20.7
M,200M Men,Berlin,1936,S,Matthew Mackenzie ROBINSON,USA,21.1
M,200M Men,Berlin,1936,B,Martinus OSENDARP,NED,21.3
M,200M Men,Amsterdam,1928,G,Percy WILLIAMS,CAN,21.8
M,200M Men,Amsterdam,1928,S,Walter RANGELEY,GBR,21.9
M,200M Men,Amsterdam,1928,B,Helmut KÃRNIG,GER,21.9
M,200M Men,Antwerp,1920,G,Allen WOODRING,USA,22.0
M,200M Men,Antwerp,1920,S,Charles PADDOCK,USA,22.1
M,200M Men,Antwerp,1920,B,Harry EDWARD,GBR,22.2
M,200M Men,London,1908,G,Robert KERR,CAN,22.6
M,200M Men,London,1908,S,Robert CLOUGHEN,USA,None
M,200M Men,London,1908,B,Nate CARTMELL,USA,None
M,200M Men,Paris,1900,G,Walter TEWKSBURY,USA,22.2
M,200M Men,Paris,1900,S,Norman PRITCHARD,IND,22.8
M,200M Men,Paris,1900,B,Stanley ROWLEY,AUS,22.9
M,200M Men,London,2012,G,Usain BOLT,JAM,19.32
M,200M Men,London,2012,S,Yohan BLAKE,JAM,19.44
M,200M Men,London,2012,B,Warren WEIR,JAM,19.84
M,200M Men,Athens,2004,G,Shawn CRAWFORD,USA,19.79
M,200M Men,Athens,2004,S,Bernard WILLIAMS III,USA,20.01
M,200M Men,Athens,2004,B,Justin GATLIN,USA,20.03
M,200M Men,Atlanta,1996,G,Michael JOHNSON,USA,19.32
M,200M Men,Atlanta,1996,S,Frank FREDERICKS,NAM,19.68
M,200M Men,Atlanta,1996,B,Ato BOLDON,TTO,19.8
M,200M Men,Moscow,1980,G,Pietro MENNEA,ITA,20.19
M,200M Men,Moscow,1980,S,Allan WELLS,GBR,20.21
M,200M Men,Moscow,1980,B,Donald QUARRIE,JAM,20.29
M,200M Men,Munich,1972,G,Valery BORZOV,URS,20.0
M,200M Men,Munich,1972,S,Larry BLACK,USA,20.19
M,200M Men,Munich,1972,B,Pietro MENNEA,ITA,20.3
M,200M Men,Tokyo,1964,G,Henry CARR,USA,20.3
M,200M Men,Tokyo,1964,S,Paul DRAYTON,USA,20.5
M,200M Men,Tokyo,1964,B,Edwin ROBERTS,TTO,20.6
M,200M Men,Melbourne / Stockholm,1956,G,Bobby MORROW,USA,20.6
M,200M Men,Melbourne / Stockholm,1956,S,Andy STANFIELD,USA,20.7
M,200M Men,Melbourne / Stockholm,1956,B,Thane BAKER,USA,20.9
M,200M Men,London,1948,G,Mel PATTON,USA,21.1
M,200M Men,London,1948,S,Barney EWELL,USA,21.1
M,200M Men,London,1948,B,Lloyd LABEACH,PAN,21.2
M,200M Men,Los Angeles,1932,G,Eddie TOLAN,USA,21.2
M,200M Men,Los Angeles,1932,S,George SIMPSON,USA,21.4
M,200M Men,Los Angeles,1932,B,Ralph METCALFE,USA,21.5
M,200M Men,Paris,1924,G,Jackson SCHOLZ,USA,21.6
M,200M Men,Paris,1924,S,Charles PADDOCK,USA,21.7
M,200M Men,Paris,1924,B,Eric LIDDELL,GBR,21.9
M,200M Men,Stockholm,1912,G,Ralph CRAIG,USA,21.7
M,200M Men,Stockholm,1912,S,Donald LIPPINCOTT,USA,21.8
M,200M Men,Stockholm,1912,B,William APPLEGARTH,GBR,22.0
M,200M Men,St Louis,1904,G,Archie HAHN,USA,21.6
M,200M Men,St Louis,1904,S,Nate CARTMELL,USA,21.9
M,200M Men,St Louis,1904,B,William HOGENSON,USA,None
M,20Km Race Walk Men,Rio,2016,G,Zhen WANG,CHN,1:19:14
M,20Km Race Walk Men,Rio,2016,S,Zelin CAI,CHN,1:19:26
M,20Km Race Walk Men,Rio,2016,B,Dane BIRD-SMITH,AUS,1:19:37
M,20Km Race Walk Men,Beijing,2008,G,Valeriy BORCHIN,RUS,1h19:01
M,20Km Race Walk Men,Beijing,2008,S,Jefferson PEREZ,ECU,1h19:15
M,20Km Race Walk Men,Beijing,2008,B,Jared TALLENT,AUS,1h19:42
M,20Km Race Walk Men,Sydney,2000,G,Robert KORZENIOWSKI,POL,01h18:59
M,20Km Race Walk Men,Sydney,2000,S,Noe HERNANDEZ,MEX,01h19:03
M,20Km Race Walk Men,Sydney,2000,B,Vladimir ANDREYEV,RUS,01h19:27
M,20Km Race Walk Men,Barcelona,1992,G,Daniel PLAZA,ESP,1:21:45
M,20Km Race Walk Men,Barcelona,1992,S,Guillaume LEBLANC,CAN,1:22:25
M,20Km Race Walk Men,Barcelona,1992,B,Giovanni DE BENEDICTIS,ITA,1:23:11
M,20Km Race Walk Men,Los Angeles,1984,G,Ernesto CANTO,MEX,1:23:13
M,20Km Race Walk Men,Los Angeles,1984,S,RaÃºl GONZÃLEZ,MEX,1:23:20
M,20Km Race Walk Men,Los Angeles,1984,B,Maurizio DAMILANO,ITA,1:23:26
M,20Km Race Walk Men,Montreal,1976,G,Daniel BAUTISTA ROCHA,MEX,1:24:40.6
M,20Km Race Walk Men,Montreal,1976,S,Hans REIMANN,GDR,1:25:13.8
M,20Km Race Walk Men,Montreal,1976,B,Peter FRENKEL,GDR,1:25:29.4
M,20Km Race Walk Men,Mexico,1968,G,Vladimir GOLUBNICHY,URS,1:33:58.4
M,20Km Race Walk Men,Mexico,1968,S,JosÃ© PEDRAZA,MEX,1:34:00.0
M,20Km Race Walk Men,Mexico,1968,B,Nikolay SMAGA,URS,1:34:03.4
M,20Km Race Walk Men,Rome,1960,G,Vladimir GOLUBNICHY,URS,1:34:07.2
M,20Km Race Walk Men,Rome,1960,S,Noel FREEMAN,AUS,1:34:16.4
M,20Km Race Walk Men,Rome,1960,B,Stanley Frank VICKERS,GBR,1:34:56.4
M,20Km Race Walk Men,London,2012,G,Ding CHEN,CHN,1:18:46
M,20Km Race Walk Men,London,2012,S,Erick BARRONDO,GUA,1:18:57
M,20Km Race Walk Men,London,2012,B,Zhen WANG,CHN,1:19:25
M,20Km Race Walk Men,Athens,2004,G,Ivano BRUGNETTI,ITA,1h19:40
M,20Km Race Walk Men,Athens,2004,S,Francisco Javier FERNANDEZ,ESP,1h19:45
M,20Km Race Walk Men,Athens,2004,B,Nathan DEAKES,AUS,1h20:02
M,20Km Race Walk Men,Atlanta,1996,G,Jefferson PEREZ,ECU,1:20:07
M,20Km Race Walk Men,Atlanta,1996,S,Ilya MARKOV,RUS,1:20:16
M,20Km Race Walk Men,Atlanta,1996,B,Bernardo SEGURA,MEX,1:20:23
M,20Km Race Walk Men,Seoul,1988,G,Jozef PRIBILINEC,TCH,1:19:57
M,20Km Race Walk Men,Seoul,1988,S,Ronald WEIGEL,GDR,1:20:00
M,20Km Race Walk Men,Seoul,1988,B,Maurizio DAMILANO,ITA,1:20:14
M,20Km Race Walk Men,Moscow,1980,G,Maurizio DAMILANO,ITA,1:23:35.5
M,20Km Race Walk Men,Moscow,1980,S,Piotr POCHINCHUK,URS,1:24:45.4
M,20Km Race Walk Men,Moscow,1980,B,Roland WIESER,GDR,1:25:58.2
M,20Km Race Walk Men,Munich,1972,G,Peter FRENKEL,GDR,1:26:42.4
M,20Km Race Walk Men,Munich,1972,S,Vladimir GOLUBNICHY,URS,1:26:55.2
M,20Km Race Walk Men,Munich,1972,B,Hans REIMANN,GDR,1:27:16.6
M,20Km Race Walk Men,Tokyo,1964,G,Kenneth Joseph MATTHEWS,GBR,1:29:34.0
M,20Km Race Walk Men,Tokyo,1964,S,Dieter LINDNER,EUA,1:31:13.2
M,20Km Race Walk Men,Tokyo,1964,B,Vladimir GOLUBNICHY,URS,1:31:59.4
M,20Km Race Walk Men,Melbourne / Stockholm,1956,G,Leonid SPIRIN,URS,1:31:27.4
M,20Km Race Walk Men,Melbourne / Stockholm,1956,S,Antanas MIKENAS,URS,1:32:03.0
M,20Km Race Walk Men,Melbourne / Stockholm,1956,B,Bruno JUNK,URS,1:32:12.0
M,3000M Steeplechase Men,Rio,2016,G,Conseslus KIPRUTO,KEN,8:03.28
M,3000M Steeplechase Men,Rio,2016,S,Evan JAGER,USA,8:04.28
M,3000M Steeplechase Men,Rio,2016,B,Mahiedine MEKHISSI,FRA,8:11.52
M,3000M Steeplechase Men,Beijing,2008,G,Brimin Kiprop KIPRUTO,KEN,8:10.34
M,3000M Steeplechase Men,Beijing,2008,S,Mahiedine MEKHISSI-BENABBAD,FRA,8:10.49
M,3000M Steeplechase Men,Beijing,2008,B,Richard Kipkemboi MATEELONG,KEN,8:11.01
M,3000M Steeplechase Men,Sydney,2000,G,Reuben KOSGEI,KEN,08:21.43
M,3000M Steeplechase Men,Sydney,2000,S,Wilson Boit KIPKETER,KEN,08:21.77
M,3000M Steeplechase Men,Sydney,2000,B,Ali EZZINE,MAR,08:22.15
M,3000M Steeplechase Men,Barcelona,1992,G,Matthew BIRIR,KEN,8:08.84
M,3000M Steeplechase Men,Barcelona,1992,S,Patrick SANG,KEN,8:09.55
M,3000M Steeplechase Men,Barcelona,1992,B,William MUTWOL,KEN,8:10.74
M,3000M Steeplechase Men,Los Angeles,1984,G,Julius KORIR,KEN,8:11.80
M,3000M Steeplechase Men,Los Angeles,1984,S,Joseph MAHMOUD,FRA,8:13.31
M,3000M Steeplechase Men,Los Angeles,1984,B,Brian Lee DIEMER,USA,8:14.06
M,3000M Steeplechase Men,Montreal,1976,G,Anders GARDERUD,SWE,8:08.02
M,3000M Steeplechase Men,Montreal,1976,S,Bronislaw MALINOWSKI,POL,8:09.11
M,3000M Steeplechase Men,Montreal,1976,B,Frank BAUMGARTL,GDR,8:10.36
M,3000M Steeplechase Men,Mexico,1968,G,Amos BIWOTT,KEN,8:51.0
M,3000M Steeplechase Men,Mexico,1968,S,Benjamin KOGO,KEN,8:51.6
M,3000M Steeplechase Men,Mexico,1968,B,George YOUNG,USA,8:51.8
M,3000M Steeplechase Men,Rome,1960,G,Zdzislaw KRZYSZKOWIAK,POL,8:34.2
M,3000M Steeplechase Men,Rome,1960,S,Nikolay SOKOLOV,URS,8:36.4
M,3000M Steeplechase Men,Rome,1960,B,Semyon RZISHCHIN,URS,8:42.2
M,3000M Steeplechase Men,Helsinki,1952,G,Horace ASHENFELTER,USA,08:45.4
M,3000M Steeplechase Men,Helsinki,1952,S,Vladimir KAZANTSEV,URS,08:51.6
M,3000M Steeplechase Men,Helsinki,1952,B,John DISLEY,GBR,08:51.8
M,3000M Steeplechase Men,Berlin,1936,G,Volmari ISO-HOLLO,FIN,9:03.8
M,3000M Steeplechase Men,Berlin,1936,S,Kaarlo Jalmari TUOMINEN,FIN,9:06.8
M,3000M Steeplechase Men,Berlin,1936,B,Alfred DOMPERT,GER,9:07.2
M,3000M Steeplechase Men,Amsterdam,1928,G,Toivo LOUKOLA,FIN,9:21.8
M,3000M Steeplechase Men,Amsterdam,1928,S,Paavo NURMI,FIN,9:31.2
M,3000M Steeplechase Men,Amsterdam,1928,B,Ove ANDERSEN,FIN,9:35.6
M,3000M Steeplechase Men,Antwerp,1920,G,Percy HODGE,GBR,10:00.4
M,3000M Steeplechase Men,Antwerp,1920,S,Patrick FLYNN,USA,None
M,3000M Steeplechase Men,Antwerp,1920,B,Ernesto AMBROSINI,ITA,None
M,3000M Steeplechase Men,Paris,1900,G,George ORTON,CAN,7:34.4
M,3000M Steeplechase Men,Paris,1900,S,Sidney ROBINSON,GBR,7:38.0
M,3000M Steeplechase Men,Paris,1900,B,Jean CHASTANIE,FRA,None
M,3000M Steeplechase Men,London,2012,G,Ezekiel KEMBOI,KEN,8:18.56
M,3000M Steeplechase Men,London,2012,S,Mahiedine MEKHISSI-BENABBAD,FRA,8:19.08
M,3000M Steeplechase Men,London,2012,B,Abel Kiprop MUTAI,KEN,8:19.73
M,3000M Steeplechase Men,Athens,2004,G,Ezekiel KEMBOI,KEN,8:05.81
M,3000M Steeplechase Men,Athens,2004,S,Brimin Kiprop KIPRUTO,KEN,8:06.11
M,3000M Steeplechase Men,Athens,2004,B,Paul Kipsiele KOECH,KEN,8:06.64
M,3000M Steeplechase Men,Atlanta,1996,G,Joseph KETER,KEN,8:07.12
M,3000M Steeplechase Men,Atlanta,1996,S,Moses KIPTANUI,KEN,8:08.33
M,3000M Steeplechase Men,Atlanta,1996,B,Alessandro LAMBRUSCHINI,ITA,8:11.28
M,3000M Steeplechase Men,Moscow,1980,G,Bronislaw MALINOWSKI,POL,08:09.7
M,3000M Steeplechase Men,Moscow,1980,S,Filbert BAYI,TAN,08:12.5
M,3000M Steeplechase Men,Moscow,1980,B,Eshetu TURA,ETH,08:13.6
M,3000M Steeplechase Men,Munich,1972,G,Kip KEINO,KEN,8:23.64
M,3000M Steeplechase Men,Munich,1972,S,Ben JIPCHO,KEN,8:24.62
M,3000M Steeplechase Men,Munich,1972,B,Tapio KANTANEN,FIN,8:24.66
M,3000M Steeplechase Men,Tokyo,1964,G,Gaston ROELANTS,BEL,8:30.8
M,3000M Steeplechase Men,Tokyo,1964,S,Maurice HERRIOTT,GBR,8:32.4
M,3000M Steeplechase Men,Tokyo,1964,B,Ivan BELYAEV,URS,8:33.8
M,3000M Steeplechase Men,Melbourne / Stockholm,1956,G,Christopher William BRASHER,GBR,8:41.2
M,3000M Steeplechase Men,Melbourne / Stockholm,1956,S,SÃÂ¡ndor ROZSNYÃ?I,HUN,8:43.6
M,3000M Steeplechase Men,Melbourne / Stockholm,1956,B,Ernst LARSEN,NOR,8:44.0
M,3000M Steeplechase Men,London,1948,G,Tore SJÃSTRAND,SWE,9:04.6
M,3000M Steeplechase Men,London,1948,S,Fritz Erik ELMSÃ?TER,SWE,9:08.2
M,3000M Steeplechase Men,London,1948,B,Gote Ernst HAGSTROM,SWE,9:11.8
M,3000M Steeplechase Men,Los Angeles,1932,G,Volmari ISO-HOLLO,FIN,10:33.4
M,3000M Steeplechase Men,Los Angeles,1932,S,Thomas EVENSON,GBR,10:46.0
M,3000M Steeplechase Men,Los Angeles,1932,B,Joseph MCCLUSKEY,USA,10:46.2
M,3000M Steeplechase Men,Paris,1924,G,Ville RITOLA,FIN,9:33.6
M,3000M Steeplechase Men,Paris,1924,S,Elias KATZ,FIN,9:44.0
M,3000M Steeplechase Men,Paris,1924,B,Paul BONTEMPS,FRA,9:45.2
M,3000M Steeplechase Men,St Louis,1904,G,James LIGHTBODY,USA,7:39.6
M,3000M Steeplechase Men,St Louis,1904,S,John DALY,GBR,7:40.6
M,3000M Steeplechase Men,St Louis,1904,B,Arthur NEWTON,USA,None
M,400M Hurdles Men,Rio,2016,G,Kerron CLEMENT,USA,47.73
M,400M Hurdles Men,Rio,2016,S,Boniface MUCHERU,KEN,47.78
M,400M Hurdles Men,Rio,2016,B,Yasmani COPELLO,TUR,47.92
M,400M Hurdles Men,Beijing,2008,G,Angelo TAYLOR,USA,47.25
M,400M Hurdles Men,Beijing,2008,S,Kerron CLEMENT,USA,47.98
M,400M Hurdles Men,Beijing,2008,B,Bershawn JACKSON,USA,48.06
M,400M Hurdles Men,Sydney,2000,G,Angelo TAYLOR,USA,47.5
M,400M Hurdles Men,Sydney,2000,S,Hadi Soua An AL SOMAILY,KSA,47.53
M,400M Hurdles Men,Sydney,2000,B,Llewellyn HERBERT,RSA,47.81
M,400M Hurdles Men,Barcelona,1992,G,Kevin YOUNG,USA,46.78
M,400M Hurdles Men,Barcelona,1992,S,Winthrop GRAHAM,JAM,47.66
M,400M Hurdles Men,Barcelona,1992,B,Kriss AKABUSI,GBR,47.82
M,400M Hurdles Men,Los Angeles,1984,G,Edwin MOSES,USA,47.75
M,400M Hurdles Men,Los Angeles,1984,S,Danny HARRIS,USA,48.13
M,400M Hurdles Men,Los Angeles,1984,B,Harald SCHMID,FRG,48.19
M,400M Hurdles Men,Montreal,1976,G,Edwin MOSES,USA,47.64
M,400M Hurdles Men,Montreal,1976,S,Michael Lyle SHINE,USA,48.69
M,400M Hurdles Men,Montreal,1976,B,Yevgeni GAVRILENKO,URS,49.45
M,400M Hurdles Men,Mexico,1968,G,David HEMERY,GBR,48.1
M,400M Hurdles Men,Mexico,1968,S,Gerhard HENNIGE,FRG,49.0
M,400M Hurdles Men,Mexico,1968,B,John SHERWOOD,GBR,49.0
M,400M Hurdles Men,Rome,1960,G,Glenn DAVIS,USA,49.3
M,400M Hurdles Men,Rome,1960,S,Clifton Emmett CUSHMAN,USA,49.6
M,400M Hurdles Men,Rome,1960,B,Richard HOWARD,USA,49.7
M,400M Hurdles Men,Helsinki,1952,G,Charles Hewes Jr. MOORE,USA,50.8
M,400M Hurdles Men,Helsinki,1952,S,Yury Nikolayevich LITUYEV,URS,51.3
M,400M Hurdles Men,Helsinki,1952,B,John Macfarlane HOLLAND,NZL,52.2
M,400M Hurdles Men,Berlin,1936,G,Glenn HARDIN,USA,52.4
M,400M Hurdles Men,Berlin,1936,S,John LOARING,CAN,52.7
M,400M Hurdles Men,Berlin,1936,B,Miguel WHITE,PHI,52.8
M,400M Hurdles Men,Amsterdam,1928,G,David George BURGHLEY,GBR,53.4
M,400M Hurdles Men,Amsterdam,1928,S,Frank CUHEL,USA,53.6
M,400M Hurdles Men,Amsterdam,1928,B,Morgan TAYLOR,USA,53.6
M,400M Hurdles Men,Antwerp,1920,G,Frank LOOMIS,USA,0:54.0
M,400M Hurdles Men,Antwerp,1920,S,John NORTON,USA,54.6
M,400M Hurdles Men,Antwerp,1920,B,August DESCH,USA,54.7
M,400M Hurdles Men,St Louis,1904,G,Harry HILLMAN,USA,53.0
M,400M Hurdles Men,St Louis,1904,S,Frank WALLER,USA,53.2
M,400M Hurdles Men,St Louis,1904,B,George POAGE,USA,None
M,400M Hurdles Men,London,2012,G,Felix SANCHEZ,DOM,47.63
M,400M Hurdles Men,London,2012,S,Michael TINSLEY,USA,47.91
M,400M Hurdles Men,London,2012,B,Javier CULSON,PUR,48.1
M,400M Hurdles Men,Athens,2004,G,Felix SANCHEZ,DOM,47.63
M,400M Hurdles Men,Athens,2004,S,Danny MCFARLANE,JAM,48.11
M,400M Hurdles Men,Athens,2004,B,Naman KEITA,FRA,48.26
M,400M Hurdles Men,Atlanta,1996,G,Derrick ADKINS,USA,47.54
M,400M Hurdles Men,Atlanta,1996,S,Samuel MATETE,ZAM,47.78
M,400M Hurdles Men,Atlanta,1996,B,Calvin DAVIS,USA,47.96
M,400M Hurdles Men,Moscow,1980,G,Volker BECK,GDR,48.7
M,400M Hurdles Men,Moscow,1980,S,Vasili ARKHIPENKO,URS,48.86
M,400M Hurdles Men,Moscow,1980,B,Gary OAKES,GBR,49.11
M,400M Hurdles Men,Munich,1972,G,John AKII-BUA,UGA,47.82
M,400M Hurdles Men,Munich,1972,S,Ralph MANN,USA,48.51
M,400M Hurdles Men,Munich,1972,B,David HEMERY,GBR,48.52
M,400M Hurdles Men,Tokyo,1964,G,Warren (Rex) Jay CAWLEY,USA,49.6
M,400M Hurdles Men,Tokyo,1964,S,John COOPER,GBR,50.1
M,400M Hurdles Men,Tokyo,1964,B,Salvatore MORALE,ITA,50.1
M,400M Hurdles Men,Melbourne / Stockholm,1956,G,Glenn DAVIS,USA,50.1
M,400M Hurdles Men,Melbourne / Stockholm,1956,S,Eddie SOUTHERN,USA,50.8
M,400M Hurdles Men,Melbourne / Stockholm,1956,B,Josh CULBREATH,USA,51.6
M,400M Hurdles Men,London,1948,G,Roy Braxton COCHRAN,USA,51.1
M,400M Hurdles Men,London,1948,S,Duncan WHITE,SRI,51.8
M,400M Hurdles Men,London,1948,B,Rune LARSSON,SWE,52.2
M,400M Hurdles Men,Los Angeles,1932,G,Robert Morton Newburgh TISDALL,IRL,51.8
M,400M Hurdles Men,Los Angeles,1932,S,Glenn HARDIN,USA,51.9
M,400M Hurdles Men,Los Angeles,1932,B,Morgan TAYLOR,USA,52.0
M,400M Hurdles Men,Paris,1924,G,Morgan TAYLOR,USA,52.6
M,400M Hurdles Men,Paris,1924,S,Erkka WILEN,FIN,53.8
M,400M Hurdles Men,Paris,1924,B,Ivan RILEY,USA,54.2
M,400M Hurdles Men,London,1908,G,Charles BACON,USA,55.0
M,400M Hurdles Men,London,1908,S,Harry HILLMAN,USA,None
M,400M Hurdles Men,London,1908,B,Leonard Francis TREMEER,GBR,None
M,400M Hurdles Men,Paris,1900,G,Walter TEWKSBURY,USA,57.6
M,400M Hurdles Men,Paris,1900,S,Henri TAUZIN,FRA,58.3
M,400M Hurdles Men,Paris,1900,B,George ORTON,CAN,None
M,400M Men,Rio,2016,G,Wayde VAN NIEKERK,RSA,43.03
M,400M Men,Rio,2016,S,Kirani JAMES,GRN,43.76
M,400M Men,Rio,2016,B,Lashawn MERRITT,USA,43.85
M,400M Men,Beijing,2008,G,Lashawn MERRITT,USA,43.75
M,400M Men,Beijing,2008,S,Jeremy WARINER,USA,44.74
M,400M Men,Beijing,2008,B,David NEVILLE,USA,44.8
M,400M Men,Sydney,2000,G,Michael JOHNSON,USA,43.84
M,400M Men,Sydney,2000,S,Alvin HARRISON,USA,44.4
M,400M Men,Sydney,2000,B,Greg HAUGHTON,JAM,44.7
M,400M Men,Barcelona,1992,G,Quincy WATTS,USA,43.5
M,400M Men,Barcelona,1992,S,Steve LEWIS,USA,44.21
M,400M Men,Barcelona,1992,B,Samson KITUR,KEN,44.24
M,400M Men,Los Angeles,1984,G,Alonzo BABERS,USA,44.27
M,400M Men,Los Angeles,1984,S,Gabriel TIACOH,CIV,44.54
M,400M Men,Los Angeles,1984,B,Antonio MCKAY,USA,44.71
M,400M Men,Montreal,1976,G,Alberto JUANTORENA,CUB,44.26
M,400M Men,Montreal,1976,S,Frederick Vaughn NEWHOUSE,USA,44.4
M,400M Men,Montreal,1976,B,Herman Ronald FRAZIER,USA,44.95
M,400M Men,Mexico,1968,G,Lee EVANS,USA,43.8
M,400M Men,Mexico,1968,S,Larry JAMES,USA,43.9
M,400M Men,Mexico,1968,B,Ron FREEMAN,USA,44.4
M,400M Men,Rome,1960,G,Otis DAVIS,USA,44.9
M,400M Men,Rome,1960,S,Carl KAUFMANN,EUA,44.9
M,400M Men,Rome,1960,B,Malcolm SPENCE,RSA,45.5
M,400M Men,Helsinki,1952,G,George RHODEN,JAM,45.9
M,400M Men,Helsinki,1952,S,Herbert MCKENLEY,JAM,45.9
M,400M Men,Helsinki,1952,B,Ollie MATSON,USA,46.8
M,400M Men,Berlin,1936,G,Archibald Franklin WILLIAMS,USA,46.5
M,400M Men,Berlin,1936,S,Godfrey BROWN,GBR,46.7
M,400M Men,Berlin,1936,B,James Ellis LU VALLE,USA,46.8
M,400M Men,Amsterdam,1928,G,Raymond James BARBUTI,USA,47.8
M,400M Men,Amsterdam,1928,S,James BALL,CAN,48.0
M,400M Men,Amsterdam,1928,B,Joachim BÃCHNER,GER,48.2
M,400M Men,Antwerp,1920,G,Bevil RUDD,RSA,0:49.6
M,400M Men,Antwerp,1920,S,Guy BUTLER,GBR,0:49.9
M,400M Men,Antwerp,1920,B,Nils ENGDAHL,SWE,0:50.0
M,400M Men,London,1908,G,Wyndham HALSWELLE,GBR,50.0
M,400M Men,Paris,1900,G,Maxwell Warburn LONG,USA,49.4
M,400M Men,Paris,1900,S,William HOLLAND,USA,49.6
M,400M Men,Paris,1900,B,Ernst SCHULTZ,DEN,None
M,400M Men,London,2012,G,Kirani JAMES,GRN,43.94
M,400M Men,London,2012,S,Luguelin SANTOS,DOM,44.46
M,400M Men,London,2012,B,Lalonde GORDON,TTO,44.52
M,400M Men,Athens,2004,G,Jeremy WARINER,USA,44.0
M,400M Men,Athens,2004,S,Otis HARRIS,USA,44.16
M,400M Men,Athens,2004,B,Derrick BREW,USA,44.42
M,400M Men,Atlanta,1996,G,Michael JOHNSON,USA,43.49
M,400M Men,Atlanta,1996,S,Roger BLACK,GBR,44.41
M,400M Men,Atlanta,1996,B,Davis KAMOGA,UGA,44.53
M,400M Men,Moscow,1980,G,Viktor MARKIN,URS,44.6
M,400M Men,Moscow,1980,S,Rick MITCHELL,AUS,44.84
M,400M Men,Moscow,1980,B,Frank SCHAFFER,GDR,44.87
M,400M Men,Munich,1972,G,Vince MATTHEWS,USA,44.66
M,400M Men,Munich,1972,S,Wayne COLLETT,USA,44.8
M,400M Men,Munich,1972,B,Julius SANG,KEN,44.92
M,400M Men,Tokyo,1964,G,Mike LARRABEE,USA,45.1
M,400M Men,Tokyo,1964,S,Wendell MOTTLEY,TTO,45.2
M,400M Men,Tokyo,1964,B,Andrzej BADENSKI,POL,45.6
M,400M Men,Melbourne / Stockholm,1956,G,Charles JENKINS,USA,46.7
M,400M Men,Melbourne / Stockholm,1956,S,Karl-Friedrich HAAS,EUA,46.8
M,400M Men,Melbourne / Stockholm,1956,B,Voitto HELLSTEN,FIN,47.0
M,400M Men,Melbourne / Stockholm,1956,B,Ardalion IGNATYEV,URS,47.0
M,400M Men,London,1948,G,Arthur WINT,JAM,46.2
M,400M Men,London,1948,S,Herbert MCKENLEY,JAM,46.4
M,400M Men,London,1948,B,Mal WHITFIELD,USA,46.9
M,400M Men,Los Angeles,1932,G,William Arthur CARR,USA,46.2
M,400M Men,Los Angeles,1932,S,Benjamin Bangs EASTMAN,USA,46.4
M,400M Men,Los Angeles,1932,B,Alex WILSON,CAN,47.4
M,400M Men,Paris,1924,G,Eric LIDDELL,GBR,47.6
M,400M Men,Paris,1924,S,Horatio FITCH,USA,48.4
M,400M Men,Paris,1924,B,Guy BUTLER,GBR,48.6
M,400M Men,Stockholm,1912,G,Charles REIDPATH,USA,0:48.2
M,400M Men,Stockholm,1912,S,Hanns BRAUN,GER,0:48.3
M,400M Men,Stockholm,1912,B,Edward LINDBERG,USA,0:48.4
M,400M Men,St Louis,1904,G,Harry HILLMAN,USA,49.2
M,400M Men,St Louis,1904,S,Frank WALLER,USA,49.9
M,400M Men,St Louis,1904,B,Herman GROMAN,USA,50.0
M,400M Men,Athens,1896,G,Thomas BURKE,USA,54.2
M,400M Men,Athens,1896,S,Herbert JAMISON,USA,55.2
M,400M Men,Athens,1896,B,Charles GMELIN,GBR,55.6
M,4X100M Relay Men,Rio,2016,G,null,JAM,37.27
M,4X100M Relay Men,Rio,2016,S,null,JPN,37.6
M,4X100M Relay Men,Rio,2016,B,null,CAN,37.64
M,4X100M Relay Men,Beijing,2008,S,null,TTO,38.06
M,4X100M Relay Men,Beijing,2008,B,null,JPN,38.15
M,4X100M Relay Men,Sydney,2000,G,null,USA,37.61
M,4X100M Relay Men,Sydney,2000,S,null,BRA,37.9
M,4X100M Relay Men,Sydney,2000,B,null,CUB,38.04
M,4X100M Relay Men,Barcelona,1992,G,null,USA,37.4
M,4X100M Relay Men,Barcelona,1992,S,null,NGR,37.98
M,4X100M Relay Men,Barcelona,1992,B,null,CUB,38.0
M,4X100M Relay Men,Los Angeles,1984,G,null,USA,37.83
M,4X100M Relay Men,Los Angeles,1984,S,null,JAM,38.62
M,4X100M Relay Men,Los Angeles,1984,B,null,CAN,38.7
M,4X100M Relay Men,Montreal,1976,G,null,USA,38.33
M,4X100M Relay Men,Montreal,1976,S,null,GDR,38.66
M,4X100M Relay Men,Montreal,1976,B,null,URS,38.78
M,4X100M Relay Men,Mexico,1968,G,null,USA,38.2
M,4X100M Relay Men,Mexico,1968,S,null,CUB,38.3
M,4X100M Relay Men,Mexico,1968,B,null,FRA,38.4
M,4X100M Relay Men,Rome,1960,G,null,EUA,39.5
M,4X100M Relay Men,Rome,1960,S,null,URS,40.1
M,4X100M Relay Men,Rome,1960,B,null,GBR,40.2
M,4X100M Relay Men,Helsinki,1952,G,null,USA,40.1
M,4X100M Relay Men,Helsinki,1952,S,null,URS,40.3
M,4X100M Relay Men,Helsinki,1952,B,null,HUN,40.5
M,4X100M Relay Men,Berlin,1936,G,null,USA,39.8
M,4X100M Relay Men,Berlin,1936,S,null,ITA,41.1
M,4X100M Relay Men,Berlin,1936,B,null,GER,41.2
M,4X100M Relay Men,Amsterdam,1928,G,null,USA,41.0
M,4X100M Relay Men,Amsterdam,1928,S,null,GER,None
M,4X100M Relay Men,Amsterdam,1928,B,null,GBR,None
M,4X100M Relay Men,Antwerp,1920,G,null,USA,0:42.2
M,4X100M Relay Men,Antwerp,1920,S,null,FRA,0:42.6
M,4X100M Relay Men,Antwerp,1920,B,null,SWE,0:42.9
M,4X100M Relay Men,London,2012,G,null,JAM,36.84
M,4X100M Relay Men,London,2012,S,null,TTO,38.12
M,4X100M Relay Men,London,2012,B,null,FRA,38.16
M,4X100M Relay Men,Athens,2004,G,null,GBR,38.07
M,4X100M Relay Men,Athens,2004,S,null,USA,38.08
M,4X100M Relay Men,Athens,2004,B,null,NGR,38.23
M,4X100M Relay Men,Atlanta,1996,G,null,CAN,37.69
M,4X100M Relay Men,Atlanta,1996,S,null,USA,38.05
M,4X100M Relay Men,Atlanta,1996,B,null,BRA,38.41
M,4X100M Relay Men,Moscow,1980,G,null,URS,38.26
M,4X100M Relay Men,Moscow,1980,S,null,POL,38.33
M,4X100M Relay Men,Moscow,1980,B,null,FRA,38.53
M,4X100M Relay Men,Munich,1972,G,null,USA,38.19
M,4X100M Relay Men,Munich,1972,S,null,URS,38.5
M,4X100M Relay Men,Munich,1972,B,null,FRG,38.79
M,4X100M Relay Men,Tokyo,1964,G,null,USA,39.0
M,4X100M Relay Men,Tokyo,1964,S,null,POL,39.3
M,4X100M Relay Men,Tokyo,1964,B,null,FRA,39.3
M,4X100M Relay Men,Melbourne / Stockholm,1956,G,null,USA,39.5
M,4X100M Relay Men,Melbourne / Stockholm,1956,S,null,URS,39.8
M,4X100M Relay Men,Melbourne / Stockholm,1956,B,null,EUA,40.3
M,4X100M Relay Men,London,1948,G,null,USA,40.6
M,4X100M Relay Men,London,1948,S,null,GBR,41.3
M,4X100M Relay Men,London,1948,B,null,ITA,41.5
M,4X100M Relay Men,Los Angeles,1932,G,null,USA,40.0
M,4X100M Relay Men,Los Angeles,1932,S,null,GER,40.9
M,4X100M Relay Men,Los Angeles,1932,B,null,ITA,41.2
M,4X100M Relay Men,Paris,1924,G,null,USA,41.0
M,4X100M Relay Men,Paris,1924,S,null,GBR,41.2
M,4X100M Relay Men,Paris,1924,B,null,NED,41.8
M,4X100M Relay Men,Stockholm,1912,G,null,GBR,0:42.4
M,4X100M Relay Men,Stockholm,1912,S,null,SWE,0:42.6
M,4X400M Relay Men,Rio,2016,G,null,USA,None
M,4X400M Relay Men,Rio,2016,S,null,JAM,None
M,4X400M Relay Men,Rio,2016,B,null,BAH,None
M,4X400M Relay Men,Beijing,2008,G,null,USA,2:55.39
M,4X400M Relay Men,Beijing,2008,S,null,BAH,2:58.03
M,4X400M Relay Men,Sydney,2000,G,null,NGR,02:58.68
M,4X400M Relay Men,Sydney,2000,S,null,JAM,02:58.78
M,4X400M Relay Men,Sydney,2000,B,null,BAH,02:59.23
M,4X400M Relay Men,Barcelona,1992,G,null,USA,2:55.74
M,4X400M Relay Men,Barcelona,1992,S,null,CUB,2:59.51
M,4X400M Relay Men,Barcelona,1992,B,null,GBR,2:59.73
M,4X400M Relay Men,Los Angeles,1984,G,null,USA,2:57.91
M,4X400M Relay Men,Los Angeles,1984,S,null,GBR,2:59.13
M,4X400M Relay Men,Los Angeles,1984,B,null,NGR,2:59.32
M,4X400M Relay Men,Montreal,1976,G,null,USA,2:58.65
M,4X400M Relay Men,Montreal,1976,S,null,POL,3:01.43
M,4X400M Relay Men,Montreal,1976,B,null,FRG,3:01.98
M,4X400M Relay Men,Mexico,1968,G,null,USA,2:56.1
M,4X400M Relay Men,Mexico,1968,S,null,KEN,2:59.6
M,4X400M Relay Men,Mexico,1968,B,null,FRG,3:00.5
M,4X400M Relay Men,Rome,1960,G,null,USA,3:02.2
M,4X400M Relay Men,Rome,1960,S,null,EUA,3:02.7
M,4X400M Relay Men,Rome,1960,B,null,BWI,3:04.0
M,4X400M Relay Men,Helsinki,1952,G,null,JAM,3:03.9
M,4X400M Relay Men,Helsinki,1952,S,null,USA,3:04.0
M,4X400M Relay Men,Helsinki,1952,B,null,GER,3:06.6
M,4X400M Relay Men,Berlin,1936,G,null,GBR,3:09.0
M,4X400M Relay Men,Berlin,1936,S,null,USA,3:11.0
M,4X400M Relay Men,Berlin,1936,B,null,GER,3:11.8
M,4X400M Relay Men,Amsterdam,1928,G,null,USA,3:14.2
M,4X400M Relay Men,Amsterdam,1928,S,null,GER,None
M,4X400M Relay Men,Amsterdam,1928,B,null,CAN,None
M,4X400M Relay Men,Antwerp,1920,G,null,GBR,3:22.2
M,4X400M Relay Men,Antwerp,1920,S,null,RSA,3:23.0 est
M,4X400M Relay Men,Antwerp,1920,B,null,FRA,3:23.5 est
M,4X400M Relay Men,London,1908,G,null,USA,3:29.4
M,4X400M Relay Men,London,1908,S,null,GER,None
M,4X400M Relay Men,London,1908,B,null,HUN,None
M,4X400M Relay Men,London,2012,G,null,BAH,2:56.72
M,4X400M Relay Men,London,2012,S,null,USA,2:57.05
M,4X400M Relay Men,London,2012,B,null,TTO,2:59.40
M,4X400M Relay Men,Athens,2004,G,null,USA,2:55.91
M,4X400M Relay Men,Athens,2004,S,null,AUS,3:00.60
M,4X400M Relay Men,Athens,2004,B,null,NGR,3:00.90
M,4X400M Relay Men,Atlanta,1996,G,null,USA,2:55.99
M,4X400M Relay Men,Atlanta,1996,S,null,GBR,2:56.60
M,4X400M Relay Men,Atlanta,1996,B,null,JAM,2:59.42
M,4X400M Relay Men,Moscow,1980,G,null,URS,3:01.1
M,4X400M Relay Men,Moscow,1980,S,null,GDR,3:01.3
M,4X400M Relay Men,Moscow,1980,B,null,ITA,3:04.3
M,4X400M Relay Men,Munich,1972,G,null,KEN,2:59.8
M,4X400M Relay Men,Munich,1972,S,null,GBR,3:00.5
M,4X400M Relay Men,Munich,1972,B,null,FRA,3:00.7
M,4X400M Relay Men,Tokyo,1964,G,null,USA,3:00.7
M,4X400M Relay Men,Tokyo,1964,S,null,GBR,3:01.6
M,4X400M Relay Men,Tokyo,1964,B,null,TTO,3:01.7
M,4X400M Relay Men,Melbourne / Stockholm,1956,G,null,USA,3:04.8
M,4X400M Relay Men,Melbourne / Stockholm,1956,S,null,AUS,3:06.2
M,4X400M Relay Men,Melbourne / Stockholm,1956,B,null,GBR,3:07.2
M,4X400M Relay Men,London,1948,G,null,USA,3:10.4
M,4X400M Relay Men,London,1948,S,null,FRA,3:14.8
M,4X400M Relay Men,London,1948,B,null,SWE,3:16.0
M,4X400M Relay Men,Los Angeles,1932,G,null,USA,3:08.2
M,4X400M Relay Men,Los Angeles,1932,S,null,GBR,3:11.2
M,4X400M Relay Men,Los Angeles,1932,B,null,CAN,3:12.8
M,4X400M Relay Men,Paris,1924,G,null,USA,3:16.00
M,4X400M Relay Men,Paris,1924,S,null,SWE,3:17.00
M,4X400M Relay Men,Paris,1924,B,null,GBR,3:17.40
M,4X400M Relay Men,Stockholm,1912,G,null,USA,3:16.6
M,4X400M Relay Men,Stockholm,1912,S,null,FRA,3:20.7
M,4X400M Relay Men,Stockholm,1912,B,null,GBR,3:23.2
M,5000M Men,Rio,2016,G,Mohamed FARAH,GBR,13:03.30
M,5000M Men,Rio,2016,S,Paul Kipkemoi CHELIMO,USA,13:03.90
M,5000M Men,Rio,2016,B,Hagos GEBRHIWET,ETH,13:04.35
M,5000M Men,Beijing,2008,G,Kenenisa BEKELE,ETH,12:57.82
M,5000M Men,Beijing,2008,S,Eliud Kipchoge ROTICH,KEN,13:02.80
M,5000M Men,Beijing,2008,B,Edwin Cheruiyot SOI,KEN,13:06.22
M,5000M Men,Sydney,2000,G,Millon WOLDE,ETH,13:35.49
M,5000M Men,Sydney,2000,S,Ali SAIDI-SIEF,ALG,13:36.20
M,5000M Men,Sydney,2000,B,Brahim LAHLAFI,MAR,13:36.47
M,5000M Men,Barcelona,1992,G,Dieter BAUMANN,GER,13:12.52
M,5000M Men,Barcelona,1992,S,Paul BITOK,KEN,13:12.71
M,5000M Men,Barcelona,1992,B,Fita BAYISSA,ETH,13:13.03
M,5000M Men,Los Angeles,1984,G,SaÃ¯d AOUITA,MAR,13:05.59
M,5000M Men,Los Angeles,1984,S,Markus RYFFEL,SUI,13:07.54
M,5000M Men,Los Angeles,1984,B,AntÃ³nio LEITÃO,POR,13:09.20
M,5000M Men,Montreal,1976,G,Lasse VIREN,FIN,13:24.76
M,5000M Men,Montreal,1976,S,Dick Theodorus QUAX,NZL,13:25.16
M,5000M Men,Montreal,1976,B,Klaus-Peter HILDENBRAND,FRG,13:25.38
M,5000M Men,Mexico,1968,G,Mohamed GAMMOUDI,TUN,14:05.0
M,5000M Men,Mexico,1968,S,Kip KEINO,KEN,14:05.2
M,5000M Men,Mexico,1968,B,Naftali TEMU,KEN,14:06.4
M,5000M Men,Rome,1960,G,Murray HALBERG,NZL,13:43.4
M,5000M Men,Rome,1960,S,Hans GRODOTZKI,EUA,13:44.6
M,5000M Men,Rome,1960,B,Kazimierz ZIMNY,POL,13:44.8
M,5000M Men,Helsinki,1952,G,Emil ZÃTOPEK,TCH,14:06.6
M,5000M Men,Helsinki,1952,S,Alain MIMOUN,FRA,14:07.4
M,5000M Men,Helsinki,1952,B,Herbert SCHADE,GER,14:08.6
M,5000M Men,Berlin,1936,G,Gunnar HÃCKERT,FIN,14:22.2
M,5000M Men,Berlin,1936,S,Lauri LEHTINEN,FIN,14:25.8
M,5000M Men,Berlin,1936,B,Henry JONSSON-KÃLARNE,SWE,14:29.0
M,5000M Men,Amsterdam,1928,G,Ville RITOLA,FIN,14:38.0
M,5000M Men,Amsterdam,1928,S,Paavo NURMI,FIN,14:40.0
M,5000M Men,Amsterdam,1928,B,Edvin WIDE,SWE,14:41.2
M,5000M Men,Antwerp,1920,G,Joseph GUILLEMOT,FRA,14:55.6
M,5000M Men,Antwerp,1920,S,Paavo NURMI,FIN,15:00.0
M,5000M Men,Antwerp,1920,B,Eric BACKMAN,SWE,15:13.0
M,5000M Men,London,2012,G,Mohamed FARAH,GBR,13:41.66
M,5000M Men,London,2012,S,Dejen GEBREMESKEL,ETH,13:41.98
M,5000M Men,London,2012,B,Thomas Pkemei LONGOSIWA,KEN,13:42.36
M,5000M Men,Athens,2004,G,Hicham EL GUERROUJ,MAR,13:14.39
M,5000M Men,Athens,2004,S,Kenenisa BEKELE,ETH,13:14.59
M,5000M Men,Athens,2004,B,Eliud Kipchoge ROTICH,KEN,13:15.10
M,5000M Men,Atlanta,1996,G,Venuste NIYONGABO,BDI,13:07.96
M,5000M Men,Atlanta,1996,S,Paul BITOK,KEN,13:08.16
M,5000M Men,Atlanta,1996,B,Khalid BOULAMI,MAR,13:08.37
M,5000M Men,Moscow,1980,G,Miruts YIFTER,ETH,13:21.0
M,5000M Men,Moscow,1980,S,Suleiman NYAMBUI,TAN,13:21.6
M,5000M Men,Moscow,1980,B,Kaarlo MAANINKA,FIN,13:22.0
M,5000M Men,Munich,1972,G,Lasse VIREN,FIN,13:26.42
M,5000M Men,Munich,1972,S,Mohamed GAMMOUDI,TUN,13:27.33
M,5000M Men,Munich,1972,B,Ian STEWART,GBR,13:27.61
M,5000M Men,Tokyo,1964,G,Robert Keyser SCHUL,USA,13:48.8
M,5000M Men,Tokyo,1964,S,Harald NORPOTH,EUA,13:49.6
M,5000M Men,Tokyo,1964,B,Bill DELLINGER,USA,13:49.8
M,5000M Men,Melbourne / Stockholm,1956,G,Vladimir KUTS,URS,13:39.6
M,5000M Men,Melbourne / Stockholm,1956,S,Gordon PIRIE,GBR,13:50.6
M,5000M Men,Melbourne / Stockholm,1956,B,Derek IBBOTSON,GBR,13:54.4
M,5000M Men,London,1948,G,Gaston REIFF,BEL,14:17.6
M,5000M Men,London,1948,S,Emil ZÃTOPEK,TCH,14:17.8
M,5000M Men,London,1948,B,Willem SLIJKHUIS,NED,14:26.8
M,5000M Men,Los Angeles,1932,G,Lauri LEHTINEN,FIN,14:30.0
M,5000M Men,Los Angeles,1932,S,Ralph HILL,USA,14:30.0
M,5000M Men,Los Angeles,1932,B,Lauri VIRTANEN,FIN,14:44.0
M,5000M Men,Paris,1924,G,Paavo NURMI,FIN,14:31.2
M,5000M Men,Paris,1924,S,Ville RITOLA,FIN,14:31.4
M,5000M Men,Paris,1924,B,Edvin WIDE,SWE,15:01.8
M,5000M Men,Stockholm,1912,G,Hannes KOLEHMAINEN,FIN,14:36.6
M,5000M Men,Stockholm,1912,S,Jean BOUIN,FRA,14:36.7
M,5000M Men,Stockholm,1912,B,George HUTSON,GBR,15:07.6
M,50Km Race Walk Men,Rio,2016,G,Matej TOTH,SVK,3:40:58
M,50Km Race Walk Men,Rio,2016,S,Jared TALLENT,AUS,3:41:16
M,50Km Race Walk Men,Rio,2016,B,Hirooki ARAI,JPN,3:41:24
M,50Km Race Walk Men,Beijing,2008,G,Alex SCHWAZER,ITA,3h37:09
M,50Km Race Walk Men,Beijing,2008,S,Jared TALLENT,AUS,3h39:27
M,50Km Race Walk Men,Beijing,2008,B,Denis NIZHEGORODOV,RUS,3h40:14
M,50Km Race Walk Men,Sydney,2000,G,Robert KORZENIOWSKI,POL,03h42:22
M,50Km Race Walk Men,Sydney,2000,S,Aigars FADEJEVS,LAT,03h43:40
M,50Km Race Walk Men,Sydney,2000,B,Joel SANCHEZ GUERRERO,MEX,03h44:36
M,50Km Race Walk Men,Barcelona,1992,G,Andrey PERLOV,EUN,3:50:13
M,50Km Race Walk Men,Barcelona,1992,S,Carlos MERCENARIO,MEX,3:52:09
M,50Km Race Walk Men,Barcelona,1992,B,Ronald WEIGEL,GER,3:53:45
M,50Km Race Walk Men,Los Angeles,1984,G,RaÃºl GONZÃLEZ,MEX,3:47:26
M,50Km Race Walk Men,Los Angeles,1984,S,Bo GUSTAFSSON,SWE,3:53:19
M,50Km Race Walk Men,Los Angeles,1984,B,Sandro BELLUCCI,ITA,3:53:45
M,50Km Race Walk Men,Munich,1972,G,Bernd KANNENBERG,FRG,3:56:11.6
M,50Km Race Walk Men,Munich,1972,S,Veniamin SOLDATENKO,URS,3:58:24.0
M,50Km Race Walk Men,Munich,1972,B,Larry YOUNG,USA,4:00:46.0
M,50Km Race Walk Men,Tokyo,1964,G,Abdon PAMICH,ITA,4:11:12.4
M,50Km Race Walk Men,Tokyo,1964,S,Paul Vincent NIHILL,GBR,4:11:31.2
M,50Km Race Walk Men,Tokyo,1964,B,Ingvar PETTERSSON,SWE,4:14:17.4
M,50Km Race Walk Men,Melbourne / Stockholm,1956,G,Norman READ,NZL,4:30:42.8
M,50Km Race Walk Men,Melbourne / Stockholm,1956,S,Yevgeni MASKINSKOV,URS,4:32:57.0
M,50Km Race Walk Men,Melbourne / Stockholm,1956,B,John LJUNGGREN,SWE,4:35:02.0
M,50Km Race Walk Men,London,1948,G,John LJUNGGREN,SWE,4:41:52
M,50Km Race Walk Men,London,1948,S,Gaston GODEL,SUI,4:48:17
M,50Km Race Walk Men,London,1948,B,Terence Lloyd JOHNSON,GBR,4:48:31
M,50Km Race Walk Men,Los Angeles,1932,G,Thomas William GREEN,GBR,4:50:10
M,50Km Race Walk Men,Los Angeles,1932,S,Janis DALINS,LAT,4:57:20
M,50Km Race Walk Men,Los Angeles,1932,B,Ugo FRIGERIO,ITA,4:59:06
M,50Km Race Walk Men,London,2012,G,Jared TALLENT,AUS,3:36:53
M,50Km Race Walk Men,London,2012,S,Tianfeng SI,CHN,3:37:16
M,50Km Race Walk Men,London,2012,B,Robert HEFFERNAN,IRL,3:37:54
M,50Km Race Walk Men,Athens,2004,G,Robert KORZENIOWSKI,POL,3h38:46
M,50Km Race Walk Men,Athens,2004,S,Denis NIZHEGORODOV,RUS,3h42:50
M,50Km Race Walk Men,Athens,2004,B,Aleksey VOYEVODIN,RUS,3h43:34
M,50Km Race Walk Men,Atlanta,1996,G,Robert KORZENIOWSKI,POL,3:43:30
M,50Km Race Walk Men,Atlanta,1996,S,Mikhail SHCHENNIKOV,RUS,3:43:46
M,50Km Race Walk Men,Atlanta,1996,B,Valentin MASSANA,ESP,3:44:19
M,50Km Race Walk Men,Seoul,1988,G,Vyacheslav IVANENKO,URS,3:38:29
M,50Km Race Walk Men,Seoul,1988,S,Ronald WEIGEL,GDR,3:38:56
M,50Km Race Walk Men,Seoul,1988,B,Hartwig GAUDER,GDR,3:39:45
M,50Km Race Walk Men,Moscow,1980,G,Hartwig GAUDER,GDR,3:49:24.0
M,50Km Race Walk Men,Moscow,1980,S,Jorge LLOPART,ESP,3:51:25.0
M,50Km Race Walk Men,Moscow,1980,B,Yevgeny Mikhaylovich IVCHENKO,URS,3:56:32.0
M,50Km Race Walk Men,Mexico,1968,G,Christoph HÃHNE,GDR,4:20:13.6
M,50Km Race Walk Men,Mexico,1968,S,Antal KISS,HUN,4:30:17.0
M,50Km Race Walk Men,Mexico,1968,B,Larry YOUNG,USA,4:31:55.4
M,50Km Race Walk Men,Rome,1960,G,Donald James THOMPSON,GBR,4:25:30.0
M,50Km Race Walk Men,Rome,1960,S,John LJUNGGREN,SWE,4:25:47.0
M,50Km Race Walk Men,Rome,1960,B,Abdon PAMICH,ITA,4:27:55.4
M,50Km Race Walk Men,Helsinki,1952,G,Giuseppe DORDONI,ITA,4:28:07.8
M,50Km Race Walk Men,Helsinki,1952,S,Josef DOLEZAL,TCH,4:30:17.8
M,50Km Race Walk Men,Helsinki,1952,B,Antal RÃKA,HUN,4:31:27.2
M,50Km Race Walk Men,Berlin,1936,G,Harold WHITLOCK,GBR,4:30:41.4
M,50Km Race Walk Men,Berlin,1936,S,Arthur SCHWAB,SUI,4:32:09.2
M,50Km Race Walk Men,Berlin,1936,B,Adalberts BUBENKO,LAT,4:32:42.2
M,800M Men,Rio,2016,G,David Lekuta RUDISHA,KEN,1:42.15
M,800M Men,Rio,2016,S,Taoufik MAKHLOUFI,ALG,1:42.61
M,800M Men,Rio,2016,B,Clayton MURPHY,USA,1:42.93
M,800M Men,Beijing,2008,G,Wilfred BUNGEI,KEN,1:44.65
M,800M Men,Beijing,2008,S,Ismail Ahmed ISMAIL,SUD,1:44.70
M,800M Men,Beijing,2008,B,Alfred Kirwa YEGO,KEN,1:44.82
M,800M Men,Sydney,2000,G,Nils SCHUMANN,GER,01:45.08
M,800M Men,Sydney,2000,S,Wilson KIPKETER,DEN,01:45.14
M,800M Men,Sydney,2000,B,Djabir SAID GUERNI,ALG,01:45.16
M,800M Men,Barcelona,1992,G,William TANUI,KEN,1:43.66
M,800M Men,Barcelona,1992,S,Nixon KIPROTICH,KEN,1:43.70
M,800M Men,Barcelona,1992,B,Johnny GRAY,USA,1:43.97
M,800M Men,Los Angeles,1984,G,Joaquim CRUZ,BRA,1:43.00
M,800M Men,Los Angeles,1984,S,Sebastian COE,GBR,1:43.64
M,800M Men,Los Angeles,1984,B,Earl JONES,USA,1:43.83
M,800M Men,Montreal,1976,G,Alberto JUANTORENA,CUB,1:43.50
M,800M Men,Montreal,1976,S,Ivo VAN DAMME,BEL,1:43.86
M,800M Men,Montreal,1976,B,Richard Charles WOHLHUTER,USA,1:44.12
M,800M Men,Mexico,1968,G,Ralph DOUBELL,AUS,1:44.3
M,800M Men,Mexico,1968,S,Wilson KIPRUGUT,KEN,1:44.5
M,800M Men,Mexico,1968,B,Thomas Francis FARRELL,USA,1:45.4
M,800M Men,Rome,1960,G,Peter SNELL,NZL,1:46.3
M,800M Men,Rome,1960,S,Roger MOENS,BEL,1:46.5
M,800M Men,Rome,1960,B,George KERR,BWI,1:47.1
M,800M Men,Helsinki,1952,G,Mal WHITFIELD,USA,1:49.2
M,800M Men,Helsinki,1952,S,Arthur WINT,JAM,1:49.4
M,800M Men,Helsinki,1952,B,Heinz ULZHEIMER,GER,1:49.7
M,800M Men,Berlin,1936,G,John WOODRUFF,USA,1:52.9
M,800M Men,Berlin,1936,S,Mario LANZI,ITA,1:53.3
M,800M Men,Berlin,1936,B,Philip EDWARDS,CAN,1:53.6
M,800M Men,Amsterdam,1928,G,Douglas LOWE,GBR,1:51.8
M,800M Men,Amsterdam,1928,S,Erik BYLÃHN,SWE,1:52.8
M,800M Men,Amsterdam,1928,B,Hermann ENGELHARD,GER,1:53.2
M,800M Men,Antwerp,1920,G,Albert HILL,GBR,1:53.4
M,800M Men,Antwerp,1920,S,Earl EBY,USA,1:53.6
M,800M Men,Antwerp,1920,B,Bevil RUDD,RSA,1:54.0
M,800M Men,London,1908,G,Melvin SHEPPARD,USA,1:52.8
M,800M Men,London,1908,S,Emilio LUNGHI,ITA,1:54.2
M,800M Men,London,1908,B,Hanns BRAUN,GER,1:55.2
M,800M Men,Paris,1900,G,Alfred TYSOE,GBR,2:01.2
M,800M Men,Paris,1900,S,John CREGAN,USA,2:01.6
M,800M Men,Paris,1900,B,David HALL,USA,None
M,800M Men,London,2012,G,David Lekuta RUDISHA,KEN,1:40.91
M,800M Men,London,2012,S,Nijel AMOS,BOT,1:41.73
M,800M Men,London,2012,B,Timothy KITUM,KEN,1:42.53
M,800M Men,Athens,2004,G,Yuriy BORZAKOVSKIY,RUS,1:44.45
M,800M Men,Athens,2004,S,Mbulaeni MULAUDZI,RSA,1:44.61
M,800M Men,Athens,2004,B,Wilson KIPKETER,DEN,1:44.65
M,800M Men,Atlanta,1996,G,VebjÃ¸rn RODAL,NOR,1:42.58
M,800M Men,Atlanta,1996,S,Hezekiel SEPENG,RSA,1:42.74
M,800M Men,Atlanta,1996,B,Fred ONYANCHA,KEN,1:42.79
M,800M Men,Moscow,1980,G,Steve OVETT,GBR,1:45.4
M,800M Men,Moscow,1980,S,Sebastian COE,GBR,1:45.9
M,800M Men,Moscow,1980,B,Nikolai KIROV,URS,1:46.0
M,800M Men,Munich,1972,G,David James WOTTLE,USA,1:45.86
M,800M Men,Munich,1972,S,Yevgeni ARZHANOV,URS,1:45.89
M,800M Men,Munich,1972,B,Mike BOIT,KEN,1:46.01
M,800M Men,Tokyo,1964,G,Peter SNELL,NZL,1:45.1
M,800M Men,Tokyo,1964,S,William CROTHERS,CAN,1:45.6
M,800M Men,Tokyo,1964,B,Wilson KIPRUGUT,KEN,1:45.9
M,800M Men,Melbourne / Stockholm,1956,G,Thomas COURTNEY,USA,1:47.7
M,800M Men,Melbourne / Stockholm,1956,S,Derek JOHNSON,GBR,1:47.8
M,800M Men,Melbourne / Stockholm,1956,B,Audun BOYSEN,NOR,1:48.1
M,800M Men,London,1948,G,Mal WHITFIELD,USA,1:49.2
M,800M Men,London,1948,S,Arthur WINT,JAM,1:49.5
M,800M Men,London,1948,B,Marcel HANSENNE,FRA,1:49.8
M,800M Men,Los Angeles,1932,G,Thomas HAMPSON,GBR,1:49.8
M,800M Men,Los Angeles,1932,S,Alex WILSON,CAN,1:49.9
M,800M Men,Los Angeles,1932,B,Philip EDWARDS,CAN,None
M,800M Men,Paris,1924,G,Douglas LOWE,GBR,1:52.4
M,800M Men,Paris,1924,S,Paul MARTIN,SUI,1:52.6
M,800M Men,Paris,1924,B,Schuyler ENCK,USA,1:53.0
M,800M Men,Stockholm,1912,G,James Edwin MEREDITH,USA,1:51.9
M,800M Men,Stockholm,1912,S,Melvin SHEPPARD,USA,1:52.0
M,800M Men,Stockholm,1912,B,Ira DAVENPORT,USA,1:52.0
M,800M Men,St Louis,1904,G,James LIGHTBODY,USA,1:56.0
M,800M Men,St Louis,1904,S,Howard VALENTINE,USA,1:56.3
M,800M Men,St Louis,1904,B,Emil BREITKREUTZ,USA,1:56.4
M,800M Men,Athens,1896,G,Edwin FLACK,AUS,2:11.0
M,800M Men,Athens,1896,S,NÃ¡ndor DÃNI,HUN,2:11.8
M,800M Men,Athens,1896,B,Dimitrios GOLEMIS,GRE,2:28.0
M,Decathlon Men,Rio,2016,G,Ashton EATON,USA,8893.0
M,Decathlon Men,Rio,2016,S,Kevin MAYER,FRA,8834.0
M,Decathlon Men,Rio,2016,B,Damian WARNER,CAN,8666.0
M,Decathlon Men,Beijing,2008,G,Bryan CLAY,USA,8791.0
M,Decathlon Men,Beijing,2008,S,Andrei KRAUCHANKA,BLR,8551.0
M,Decathlon Men,Beijing,2008,B,Leonel SUAREZ,CUB,8527.0
M,Decathlon Men,Sydney,2000,G,Erki NOOL,EST,8641.0
M,Decathlon Men,Sydney,2000,S,Roman SEBRLE,CZE,8606.0
M,Decathlon Men,Sydney,2000,B,Chris HUFFINS,USA,8595.0
M,Decathlon Men,Barcelona,1992,G,Robert ZMELÃK,TCH,8611.0
M,Decathlon Men,Barcelona,1992,S,Antonio PENALVER ASENSIO,ESP,8412.0
M,Decathlon Men,Barcelona,1992,B,Dave JOHNSON,USA,8309.0
M,Decathlon Men,Los Angeles,1984,G,Daley THOMPSON,GBR,8798.0
M,Decathlon Men,Los Angeles,1984,S,JÃ¼rgen HINGSEN,FRG,8673.0
M,Decathlon Men,Los Angeles,1984,B,Siegfried WENTZ,FRG,8412.0
M,Decathlon Men,Montreal,1976,G,Bruce JENNER,USA,8618.0
M,Decathlon Men,Montreal,1976,S,Guido KRATSCHMER,FRG,8411.0
M,Decathlon Men,Montreal,1976,B,Nikolay AVILOV,URS,8369.0
M,Decathlon Men,Mexico,1968,G,Bill TOOMEY,USA,8193.0
M,Decathlon Men,Mexico,1968,S,Hans-Joachim WALDE,FRG,8111.0
M,Decathlon Men,Mexico,1968,B,Kurt BENDLIN,FRG,8064.0
M,Decathlon Men,Rome,1960,G,Rafer JOHNSON,USA,8392.0
M,Decathlon Men,Rome,1960,S,Chuan-Kwang YANG,TPE,8334.0
M,Decathlon Men,Rome,1960,B,Vasily KUZNETSOV,URS,7809.0
M,Decathlon Men,Helsinki,1952,G,Bob MATHIAS,USA,7887.0
M,Decathlon Men,Helsinki,1952,S,Milton Gray CAMPBELL,USA,6975.0
M,Decathlon Men,Helsinki,1952,B,Floyd SIMMONS,USA,6788.0
M,Decathlon Men,Berlin,1936,G,Glenn MORRIS,USA,7900.0
M,Decathlon Men,Berlin,1936,S,Robert Hyatt CLARK,USA,7601.0
M,Decathlon Men,Berlin,1936,B,Jack PARKER,USA,7275.0
M,Decathlon Men,Amsterdam,1928,G,Paavo YRJÃLÃ,FIN,8053.29  P.
M,Decathlon Men,Amsterdam,1928,S,Aki JÃRVINEN,FIN,7931.50  P.
M,Decathlon Men,Amsterdam,1928,B,John Kenneth DOHERTY,USA,7706.65  P.
M,Decathlon Men,Antwerp,1920,G,Helge LÃVLAND,NOR,6803.355
M,Decathlon Men,Antwerp,1920,S,Brutus HAMILTON,USA,6771.085
M,Decathlon Men,Antwerp,1920,B,Bertil OHLSON,SWE,6580.03
M,Decathlon Men,St Louis,1904,G,Thomas Francis KIELY,GBR,6036 P.
M,Decathlon Men,St Louis,1904,S,Adam GUNN,USA,5907 P.
M,Decathlon Men,St Louis,1904,B,Truxtun HARE,USA,5813 P.
M,Decathlon Men,London,2012,G,Ashton EATON,USA,8869.0
M,Decathlon Men,London,2012,S,Trey HARDEE,USA,8671.0
M,Decathlon Men,London,2012,B,Leonel SUAREZ,CUB,8523.0
M,Decathlon Men,Athens,2004,G,Roman SEBRLE,CZE,8893.0
M,Decathlon Men,Athens,2004,S,Bryan CLAY,USA,8820.0
M,Decathlon Men,Athens,2004,B,Dmitriy KARPOV,KAZ,8725.0
M,Decathlon Men,Atlanta,1996,G,Dan O'BRIEN,USA,8824.0
M,Decathlon Men,Atlanta,1996,S,Frank BUSEMANN,GER,8706.0
M,Decathlon Men,Atlanta,1996,B,TomÃ¡? DVORÃK,CZE,8664.0
M,Decathlon Men,Seoul,1988,G,Christian SCHENK,GDR,8488.0
M,Decathlon Men,Seoul,1988,S,Torsten VOSS,GDR,8399.0
M,Decathlon Men,Seoul,1988,B,Dave STEEN,CAN,8328.0
M,Decathlon Men,Moscow,1980,G,Daley THOMPSON,GBR,8495.0
M,Decathlon Men,Moscow,1980,S,Yuri KUTSENKO,URS,8331.0
M,Decathlon Men,Moscow,1980,B,Sergei ZHELANOV,URS,8135.0
M,Decathlon Men,Munich,1972,G,Nikolay AVILOV,URS,8454.0
M,Decathlon Men,Munich,1972,S,Leonid LITVINENKO,URS,8035.0
M,Decathlon Men,Munich,1972,B,Ryszard KATUS,POL,7984.0
M,Decathlon Men,Tokyo,1964,G,Willi HOLDORF,EUA,7887.0
M,Decathlon Men,Tokyo,1964,S,Rein AUN,URS,7842.0
M,Decathlon Men,Tokyo,1964,B,Hans-Joachim WALDE,EUA,7809.0
M,Decathlon Men,Melbourne / Stockholm,1956,G,Milton Gray CAMPBELL,USA,7937.0
M,Decathlon Men,Melbourne / Stockholm,1956,S,Rafer JOHNSON,USA,7587.0
M,Decathlon Men,Melbourne / Stockholm,1956,B,Vasily KUZNETSOV,URS,7465.0
M,Decathlon Men,London,1948,G,Bob MATHIAS,USA,7139.0
M,Decathlon Men,London,1948,S,Ignace HEINRICH,FRA,6974.0
M,Decathlon Men,London,1948,B,Floyd SIMMONS,USA,6950.0
M,Decathlon Men,Los Angeles,1932,G,Jim BAUSCH,USA,8462.235
M,Decathlon Men,Los Angeles,1932,S,Aki JÃRVINEN,FIN,8292.48
M,Decathlon Men,Los Angeles,1932,B,Wolrad EBERLE,GER,8030.805
M,Decathlon Men,Paris,1924,G,Harold OSBORN,USA,7740.775 P.
M,Decathlon Men,Paris,1924,S,Emerson NORTON,USA,7350.895 P.
M,Decathlon Men,Paris,1924,B,Alexander KLUMBERG-KOLMPERE,EST,7329.33 P.
M,Decathlon Men,Stockholm,1912,G,Hugo WIESLANDER,SWE,7724.495 P.
M,Decathlon Men,Stockholm,1912,G,Jim THORPE,USA,8412.955
M,Decathlon Men,Stockholm,1912,S,Charles LOMBERG,SWE,7413.510 P.
M,Decathlon Men,Stockholm,1912,B,GÃ¶sta HOLMER,SWE,7347.855 P.
M,Discus Throw Men,Rio,2016,G,Christoph HARTING,GER,68.37
M,Discus Throw Men,Rio,2016,S,Piotr MALACHOWSKI,POL,67.55
M,Discus Throw Men,Rio,2016,B,Daniel JASINSKI,GER,67.05
M,Discus Throw Men,Beijing,2008,G,Gerd KANTER,EST,68.82
M,Discus Throw Men,Beijing,2008,S,Piotr MALACHOWSKI,POL,67.82
M,Discus Throw Men,Beijing,2008,B,Virgilijus ALEKNA,LTU,67.79
M,Discus Throw Men,Sydney,2000,G,Virgilijus ALEKNA,LTU,69.3
M,Discus Throw Men,Sydney,2000,S,Lars RIEDEL,GER,68.5
M,Discus Throw Men,Sydney,2000,B,Frantz KRUGER,RSA,68.19
M,Discus Throw Men,Barcelona,1992,G,Romas UBARTAS,LTU,65.12
M,Discus Throw Men,Barcelona,1992,S,JÃ¼rgen SCHULT,GER,64.94
M,Discus Throw Men,Barcelona,1992,B,Roberto MOYA,CUB,64.12
M,Discus Throw Men,Los Angeles,1984,G,Rolf DANNEBERG,FRG,66.6
M,Discus Throw Men,Los Angeles,1984,S,Mac WILKINS,USA,66.3
M,Discus Throw Men,Los Angeles,1984,B,John POWELL,USA,65.46
M,Discus Throw Men,Montreal,1976,G,Mac WILKINS,USA,67.5
M,Discus Throw Men,Montreal,1976,S,Wolfgang SCHMIDT,GDR,66.22
M,Discus Throw Men,Montreal,1976,B,John POWELL,USA,65.7
M,Discus Throw Men,Mexico,1968,G,Al OERTER,USA,64.78
M,Discus Throw Men,Mexico,1968,S,Lothar MILDE,GDR,63.08
M,Discus Throw Men,Mexico,1968,B,LudvÃ­k DANEK,TCH,62.92
M,Discus Throw Men,Rome,1960,G,Al OERTER,USA,59.18
M,Discus Throw Men,Rome,1960,S,Rink BABKA,USA,58.02
M,Discus Throw Men,Rome,1960,B,Richard COCHRAN,USA,57.16
M,Discus Throw Men,Helsinki,1952,G,Sim INESS,USA,55.03
M,Discus Throw Men,Helsinki,1952,S,Adolfo CONSOLINI,ITA,53.78
M,Discus Throw Men,Helsinki,1952,B,James DILLION,USA,53.28
M,Discus Throw Men,London,1908,G,Martin SHERIDAN,USA,40.89
M,Discus Throw Men,London,1908,S,Merritt GIFFIN,USA,40.7
M,Discus Throw Men,London,1908,B,Marquis Franklin HORR,USA,39.45
M,Discus Throw Men,London,2012,G,Robert HARTING,GER,68.27
M,Discus Throw Men,London,2012,S,Ehsan HADADI,IRI,68.18
M,Discus Throw Men,London,2012,B,Gerd KANTER,EST,68.03
M,Discus Throw Men,Athens,2004,G,Virgilijus ALEKNA,LTU,69.89
M,Discus Throw Men,Athens,2004,S,Zoltan KOVAGO,HUN,67.04
M,Discus Throw Men,Athens,2004,B,Aleksander TAMMERT,EST,66.66
M,Discus Throw Men,Atlanta,1996,G,Lars RIEDEL,GER,69.4
M,Discus Throw Men,Atlanta,1996,S,Vladimir DUBROVSHCHIK,BLR,66.6
M,Discus Throw Men,Atlanta,1996,B,Vasiliy KAPTYUKH,BLR,65.8
M,Discus Throw Men,Moscow,1980,G,Viktor RASHCHUPKIN,URS,66.64
M,Discus Throw Men,Moscow,1980,S,Imrich BUGÃR,TCH,66.38
M,Discus Throw Men,Moscow,1980,B,Luis DELIS,CUB,66.32
M,Discus Throw Men,Tokyo,1964,G,Al OERTER,USA,61.0
M,Discus Throw Men,Tokyo,1964,S,LudvÃ­k DANEK,TCH,60.52
M,Discus Throw Men,Tokyo,1964,B,David Lawson WEILL,USA,59.49
M,Discus Throw Men,Los Angeles,1932,G,John ANDERSON,USA,49.49
M,Discus Throw Men,Los Angeles,1932,S,Henri LABORDE,USA,48.47
M,Discus Throw Men,Los Angeles,1932,B,Paul WINTER,FRA,47.85
M,Discus Throw Men,Paris,1924,G,Bud HOUSER,USA,46.155
M,Discus Throw Men,Paris,1924,S,Vilho Aleksander NIITTYMAA,FIN,44.95
M,Discus Throw Men,Paris,1924,B,Thomas LIEB,USA,44.83
M,Discus Throw Men,Stockholm,1912,G,Armas TAIPALE,FIN,45.21
M,Discus Throw Men,Stockholm,1912,S,Richard Leslie BYRD,USA,42.32
M,Discus Throw Men,Stockholm,1912,B,James DUNCAN,USA,42.28
M,Discus Throw Men,St Louis,1904,G,Martin SHERIDAN,USA,39.28
M,Discus Throw Men,St Louis,1904,S,Ralph ROSE,USA,39.28
M,Discus Throw Men,St Louis,1904,B,Nikolaos GEORGANTAS,GRE,37.68
M,Discus Throw Men,Athens,1896,G,Robert GARRETT,USA,29.15
M,Discus Throw Men,Athens,1896,S,Panagiotis PARASKEVOPOULOS,GRE,28.95
M,Discus Throw Men,Athens,1896,B,Sotirios VERSIS,GRE,28.78
M,Hammer Throw Men,Rio,2016,G,Dilshod NAZAROV,TJK,78.68
M,Hammer Throw Men,Rio,2016,S,Ivan TSIKHAN,BLR,77.79
M,Hammer Throw Men,Rio,2016,B,Wojciech NOWICKI,POL,77.73
M,Hammer Throw Men,Beijing,2008,G,Primoz KOZMUS,SLO,82.02
M,Hammer Throw Men,Beijing,2008,S,Vadim DEVYATOVSKIY,BLR,81.61
M,Hammer Throw Men,Beijing,2008,B,Ivan TSIKHAN,BLR,81.51
M,Hammer Throw Men,Sydney,2000,G,Szymon ZIOLKOWSKI,POL,80.02
M,Hammer Throw Men,Sydney,2000,S,Nicola VIZZONI,ITA,79.64
M,Hammer Throw Men,Sydney,2000,B,Igor ASTAPKOVICH,BLR,79.17
M,Hammer Throw Men,Barcelona,1992,G,Andrey ABDUVALIEV,EUN,82.54
M,Hammer Throw Men,Barcelona,1992,S,Igor ASTAPKOVICH,EUN,81.96
M,Hammer Throw Men,Barcelona,1992,B,Igor NIKULIN,EUN,81.38
M,Hammer Throw Men,Montreal,1976,G,Yuri SEDYKH,URS,77.52
M,Hammer Throw Men,Montreal,1976,S,Aleksei SPIRIDONOV,URS,76.08
M,Hammer Throw Men,Montreal,1976,B,Anatoli BONDARCHUK,URS,75.48
M,Hammer Throw Men,Rome,1960,G,Vasili RUDENKOV,URS,67.1
M,Hammer Throw Men,Rome,1960,S,Gyula ZSIVÃTZKY,HUN,65.79
M,Hammer Throw Men,Rome,1960,B,Tadeusz RUT,POL,65.64
M,Hammer Throw Men,Helsinki,1952,G,JÃ³zsef CSERMÃK,HUN,60.34
M,Hammer Throw Men,Helsinki,1952,S,Karl STORCH,GER,58.86
M,Hammer Throw Men,Helsinki,1952,B,Imre NÃMETH,HUN,57.74
M,Hammer Throw Men,London,1908,G,John FLANAGAN,USA,51.92
M,Hammer Throw Men,London,1908,S,Matt MCGRATH,USA,51.18
M,Hammer Throw Men,London,1908,B,Cornelius WALSH,CAN,48.51
M,Hammer Throw Men,Paris,1900,G,John FLANAGAN,USA,51.01
M,Hammer Throw Men,Paris,1900,S,Truxtun HARE,USA,46.26
M,Hammer Throw Men,Paris,1900,B,Josiah MCCRACKEN,USA,43.58
M,Hammer Throw Men,London,2012,G,Krisztian PARS,HUN,80.59
M,Hammer Throw Men,London,2012,S,Primoz KOZMUS,SLO,79.36
M,Hammer Throw Men,London,2012,B,Koji MUROFUSHI,JPN,78.71
M,Hammer Throw Men,Athens,2004,G,Koji MUROFUSHI,JPN,82.91
M,Hammer Throw Men,Athens,2004,B,Esref APAK,TUR,79.51
M,Hammer Throw Men,Atlanta,1996,G,BalÃ¡zs KISS,HUN,81.24
M,Hammer Throw Men,Atlanta,1996,S,Lance Earl DEAL,USA,81.12
M,Hammer Throw Men,Atlanta,1996,B,Oleksiy KRYKUN,UKR,80.02
M,Hammer Throw Men,Atlanta,1996,B,Oleksandr KRYKUN,UKR,80.02
M,Hammer Throw Men,Moscow,1980,G,Yuri SEDYKH,URS,81.8
M,Hammer Throw Men,Moscow,1980,S,Sergey LITVINOV,URS,80.64
M,Hammer Throw Men,Moscow,1980,B,Yuri TAMM,URS,78.96
M,Hammer Throw Men,Tokyo,1964,G,Romuald KLIM,URS,69.74
M,Hammer Throw Men,Tokyo,1964,S,Gyula ZSIVÃTZKY,HUN,69.09
M,Hammer Throw Men,Tokyo,1964,B,Uwe BEYER,EUA,68.09
M,Hammer Throw Men,Los Angeles,1932,G,Patrick O'CALLAGHAN,IRL,53.92
M,Hammer Throw Men,Los Angeles,1932,S,Ville PÃRHÃLÃ,FIN,52.27
M,Hammer Throw Men,Los Angeles,1932,B,Peter ZAREMBA,USA,50.33
M,Hammer Throw Men,Paris,1924,G,Fred TOOTELL,USA,53.295
M,Hammer Throw Men,Paris,1924,S,Matt MCGRATH,USA,50.84
M,Hammer Throw Men,Paris,1924,B,Malcolm NOKES,GBR,48.875
M,Hammer Throw Men,Stockholm,1912,G,Matt MCGRATH,USA,54.74
M,Hammer Throw Men,Stockholm,1912,S,Duncan GILLIS,CAN,48.39
M,Hammer Throw Men,Stockholm,1912,B,Clarence CHILDS,USA,48.17
M,Hammer Throw Men,St Louis,1904,G,John FLANAGAN,USA,51.23
M,Hammer Throw Men,St Louis,1904,S,John DEWITT,USA,50.26
M,Hammer Throw Men,St Louis,1904,B,Ralph ROSE,USA,45.73
M,High Jump Men,Rio,2016,G,Derek DROUIN,CAN,2.38
M,High Jump Men,Rio,2016,S,Mutaz Essa BARSHIM,QAT,2.36
M,High Jump Men,Rio,2016,B,Bohdan BONDARENKO,UKR,2.33
M,High Jump Men,Beijing,2008,G,Andrey SILNOV,RUS,2.36
M,High Jump Men,Beijing,2008,S,Germaine MASON,GBR,2.34
M,High Jump Men,Beijing,2008,B,Yaroslav RYBAKOV,RUS,2.34
M,High Jump Men,Sydney,2000,G,Sergey KLYUGIN,RUS,2.35
M,High Jump Men,Sydney,2000,S,Javier SOTOMAYOR,CUB,2.32
M,High Jump Men,Sydney,2000,B,Abderrahmane HAMMAD,ALG,2.32
M,High Jump Men,Barcelona,1992,G,Javier SOTOMAYOR,CUB,2.34
M,High Jump Men,Barcelona,1992,S,Patrik SJÃBERG,SWE,2.34
M,High Jump Men,Barcelona,1992,B,Tim FORSYTH,AUS,2.34
M,High Jump Men,Barcelona,1992,B,Artur PARTYKA,POL,2.34
M,High Jump Men,Barcelona,1992,B,Hollis CONWAY,USA,2.34
M,High Jump Men,Montreal,1976,G,Jacek WSZOLA,POL,2.25
M,High Jump Men,Montreal,1976,S,Greg JOY,CAN,2.23
M,High Jump Men,Montreal,1976,B,Dwight STONES,USA,2.21
M,High Jump Men,Rome,1960,G,Robert SHAVLAKADZE,URS,2.16
M,High Jump Men,Rome,1960,S,Valeri BRUMEL,URS,2.16
M,High Jump Men,Rome,1960,B,John THOMAS,USA,2.14
M,High Jump Men,Helsinki,1952,G,Walt DAVIS,USA,2.04
M,High Jump Men,Helsinki,1952,S,Kenneth WIESNER,USA,2.01
M,High Jump Men,Helsinki,1952,B,Jose TELLES DA CONCEICAO,BRA,1.98
M,High Jump Men,London,1908,G,Harry PORTER,USA,1.9
M,High Jump Men,London,1908,S,IstvÃ¡n SOMODI,HUN,1.88
M,High Jump Men,London,1908,S,Cornelius LEAHY,GBR,1.88
M,High Jump Men,London,1908,S,Georges ANDRE,FRA,1.88
M,High Jump Men,Paris,1900,G,Irving BAXTER,USA,1.9
M,High Jump Men,Paris,1900,S,Patrick LEAHY,GBR,1.78
M,High Jump Men,Paris,1900,B,Lajos GÃNCZY,HUN,1.75
M,High Jump Men,London,2012,G,Ivan UKHOV,RUS,2.38
M,High Jump Men,London,2012,S,Erik KYNARD,USA,2.33
M,High Jump Men,London,2012,B,Derek DROUIN,CAN,2.29
M,High Jump Men,London,2012,B,Mutaz Essa BARSHIM,QAT,2.29
M,High Jump Men,London,2012,B,Robert GRABARZ,GBR,2.29
M,High Jump Men,Athens,2004,G,Stefan HOLM,SWE,2.36
M,High Jump Men,Athens,2004,S,Matt HEMINGWAY,USA,2.34
M,High Jump Men,Athens,2004,B,Jaroslav BABA,CZE,2.34
M,High Jump Men,Atlanta,1996,G,Charles AUSTIN,USA,2.39
M,High Jump Men,Atlanta,1996,S,Artur PARTYKA,POL,2.37
M,High Jump Men,Atlanta,1996,B,Steve SMITH,GBR,2.35
M,High Jump Men,Moscow,1980,G,Gerd WESSIG,GDR,2.36
M,High Jump Men,Moscow,1980,S,Jacek WSZOLA,POL,2.31
M,High Jump Men,Moscow,1980,B,JÃ¶rg FREIMUTH,GDR,2.31
M,High Jump Men,Tokyo,1964,G,Valeri BRUMEL,URS,2.18
M,High Jump Men,Tokyo,1964,S,John THOMAS,USA,2.18
M,High Jump Men,Tokyo,1964,B,John RAMBO,USA,2.16
M,High Jump Men,Los Angeles,1932,G,Duncan MCNAUGHTON,CAN,1.97
M,High Jump Men,Los Angeles,1932,S,Robert VAN OSDEL,USA,1.97
M,High Jump Men,Los Angeles,1932,B,Simeon TORIBIO,PHI,1.97
M,High Jump Men,Paris,1924,G,Harold OSBORN,USA,1.98
M,High Jump Men,Paris,1924,S,Leroy BROWN,USA,1.95
M,High Jump Men,Paris,1924,B,Pierre LEWDEN,FRA,1.92
M,High Jump Men,Stockholm,1912,G,Alma RICHARDS,USA,1.93
M,High Jump Men,Stockholm,1912,S,Hans LIESCHE,GER,1.91
M,High Jump Men,Stockholm,1912,B,George HORINE,USA,1.89
M,High Jump Men,St Louis,1904,G,Samuel JONES,USA,1.8
M,High Jump Men,St Louis,1904,S,Garrett SERVISS,USA,1.77
M,High Jump Men,St Louis,1904,B,Paul WEINSTEIN,GER,1.77
M,High Jump Men,Athens,1896,G,Ellery CLARK,USA,1.81
M,High Jump Men,Athens,1896,S,Robert GARRETT,USA,1.65
M,High Jump Men,Athens,1896,S,James CONNOLLY,USA,1.65
M,Javelin Throw Men,Rio,2016,G,Thomas ROHLER,GER,None
M,Javelin Throw Men,Rio,2016,S,Julius YEGO,KEN,None
M,Javelin Throw Men,Rio,2016,B,Keshorn WALCOTT,TTO,None
M,Javelin Throw Men,Beijing,2008,G,Andreas THORKILDSEN,NOR,90.57
M,Javelin Throw Men,Beijing,2008,S,Ainars KOVALS,LAT,86.64
M,Javelin Throw Men,Beijing,2008,B,Tero PITKAMAKI,FIN,86.16
M,Javelin Throw Men,Sydney,2000,G,Jan Å½ELEZNÃ,CZE,90.17
M,Javelin Throw Men,Sydney,2000,S,Steve BACKLEY,GBR,89.85
M,Javelin Throw Men,Sydney,2000,B,Sergey MAKAROV,RUS,88.67
M,Javelin Throw Men,Barcelona,1992,G,Jan Å½ELEZNÃ,TCH,89.66
M,Javelin Throw Men,Barcelona,1992,S,Seppo RÃTY,FIN,86.6
M,Javelin Throw Men,Barcelona,1992,B,Steve BACKLEY,GBR,83.38
M,Javelin Throw Men,Los Angeles,1984,G,Arto HÃRKÃNEN,FIN,86.76
M,Javelin Throw Men,Los Angeles,1984,S,David OTTLEY,GBR,85.74
M,Javelin Throw Men,Los Angeles,1984,B,Kenth ELDEBRINK,SWE,83.72
M,Javelin Throw Men,Montreal,1976,G,Miklos NEMETH,HUN,94.58
M,Javelin Throw Men,Montreal,1976,S,Hannu Juhani SIITONEN,FIN,87.92
M,Javelin Throw Men,Montreal,1976,B,Gheorghe MEGELEA,ROU,87.16
M,Javelin Throw Men,Rome,1960,G,Viktor TSYBULENKO,URS,84.64
M,Javelin Throw Men,Rome,1960,S,Walter KRÃGER,EUA,79.36
M,Javelin Throw Men,Rome,1960,B,Gergely KULCSÃR,HUN,78.57
M,Javelin Throw Men,Helsinki,1952,G,Cy YOUNG,USA,73.78
M,Javelin Throw Men,Helsinki,1952,S,William Preston MILLER,USA,72.46
M,Javelin Throw Men,Helsinki,1952,B,Toivo HYYTIÃINEN,FIN,71.89
M,Javelin Throw Men,London,1908,G,Eric LEMMING,SWE,54.83
M,Javelin Throw Men,London,1908,S,Arne HALSE,NOR,50.57
M,Javelin Throw Men,London,1908,B,Otto NILSSON,SWE,47.11
M,Javelin Throw Men,London,2012,G,Keshorn WALCOTT,TTO,84.58
M,Javelin Throw Men,London,2012,B,Antti RUUSKANEN,FIN,84.12
M,Javelin Throw Men,Athens,2004,G,Andreas THORKILDSEN,NOR,86.5
M,Javelin Throw Men,Athens,2004,S,Vadims VASILEVSKIS,LAT,84.95
M,Javelin Throw Men,Athens,2004,B,Sergey MAKAROV,RUS,84.84
M,Javelin Throw Men,Atlanta,1996,G,Jan Å½ELEZNÃ,CZE,88.16
M,Javelin Throw Men,Atlanta,1996,S,Steve BACKLEY,GBR,87.44
M,Javelin Throw Men,Atlanta,1996,B,Seppo RÃTY,FIN,86.98
M,Javelin Throw Men,Moscow,1980,G,Dainis KULA,URS,91.2
M,Javelin Throw Men,Moscow,1980,S,Aleksandr MAKAROV,URS,89.64
M,Javelin Throw Men,Moscow,1980,B,Wolfgang HANISCH,GDR,86.72
M,Javelin Throw Men,Tokyo,1964,G,Pauli NEVALA,FIN,82.66
M,Javelin Throw Men,Tokyo,1964,S,Gergely KULCSÃR,HUN,82.32
M,Javelin Throw Men,Tokyo,1964,B,Yanis LUSIS,URS,80.57
M,Javelin Throw Men,Los Angeles,1932,G,Matti JÃRVINEN,FIN,72.71
M,Javelin Throw Men,Los Angeles,1932,S,Matti SIPPALA,FIN,69.8
M,Javelin Throw Men,Los Angeles,1932,B,Eino PENTTILÃ,FIN,68.7
M,Javelin Throw Men,Paris,1924,G,Jonni MYYRÃ,FIN,62.96
M,Javelin Throw Men,Paris,1924,S,Gunnar LINDSTRÃM,SWE,60.92
M,Javelin Throw Men,Paris,1924,B,Eugene OBERST,USA,58.35
M,Javelin Throw Men,Stockholm,1912,G,Eric LEMMING,SWE,60.64
M,Javelin Throw Men,Stockholm,1912,S,Juho Julius SAARISTO,FIN,58.66
M,Javelin Throw Men,Stockholm,1912,B,Mor KOVACS,HUN,55.5
M,Long Jump Men,Rio,2016,G,Jeff HENDERSON,USA,8.38
M,Long Jump Men,Rio,2016,S,Luvo MANYONGA,RSA,8.37
M,Long Jump Men,Rio,2016,B,Greg RUTHERFORD,GBR,8.29
M,Long Jump Men,Beijing,2008,G,Irving SALADINO,PAN,8.34
M,Long Jump Men,Beijing,2008,S,Godfrey Khotso MOKOENA,RSA,8.24
M,Long Jump Men,Beijing,2008,B,Ibrahim CAMEJO,CUB,8.2
M,Long Jump Men,Sydney,2000,G,Ivan PEDROSO,CUB,8.55
M,Long Jump Men,Sydney,2000,S,Jai TAURIMA,AUS,8.49
M,Long Jump Men,Sydney,2000,B,Roman SCHURENKO,UKR,8.31
M,Long Jump Men,Barcelona,1992,G,Carl LEWIS,USA,8.67
M,Long Jump Men,Barcelona,1992,S,Mike POWELL,USA,8.64
M,Long Jump Men,Barcelona,1992,B,Joe GREENE,USA,8.34
M,Long Jump Men,Montreal,1976,G,Arnie ROBINSON,USA,8.35
M,Long Jump Men,Montreal,1976,S,Randel Luvelle WILLIAMS,USA,8.11
M,Long Jump Men,Montreal,1976,B,Frank WARTENBERG,GDR,8.02
M,Long Jump Men,Rome,1960,G,Ralph BOSTON,USA,8.12
M,Long Jump Men,Rome,1960,S,Irvin ROBERSON,USA,8.11
M,Long Jump Men,Rome,1960,B,Igor TER-OVANESYAN,URS,8.04
M,Long Jump Men,Helsinki,1952,G,Jerome BIFFLE,USA,7.57
M,Long Jump Men,Helsinki,1952,S,Meredith GOURDINE,USA,7.53
M,Long Jump Men,Berlin,1936,G,Jesse OWENS,USA,8.06
M,Long Jump Men,Berlin,1936,S,Luz LONG,GER,7.87
M,Long Jump Men,Berlin,1936,B,Naoto TAJIMA,JPN,7.74
M,Long Jump Men,Amsterdam,1928,G,Edward Barton HAMM,USA,7.73
M,Long Jump Men,Amsterdam,1928,S,Sylvio CATOR,HAI,7.58
M,Long Jump Men,Amsterdam,1928,B,Al BATES,USA,7.4
M,Long Jump Men,London,1908,G,Frank IRONS,USA,7.48
M,Long Jump Men,London,1908,S,Daniel KELLY,USA,7.09
M,Long Jump Men,London,1908,B,Calvin BRICKER,CAN,7.08
M,Long Jump Men,Paris,1900,G,Alvin KRAENZLEIN,USA,7.185
M,Long Jump Men,Paris,1900,S,Meyer PRINSTEIN,USA,7.175
M,Long Jump Men,Paris,1900,B,Patrick LEAHY,GBR,6.95
M,Long Jump Men,London,2012,G,Greg RUTHERFORD,GBR,8.31
M,Long Jump Men,London,2012,S,Mitchell WATT,AUS,8.16
M,Long Jump Men,London,2012,B,Will CLAYE,USA,8.12
M,Long Jump Men,Athens,2004,G,Dwight PHILLIPS,USA,8.59
M,Long Jump Men,Athens,2004,S,John MOFFITT,USA,8.47
M,Long Jump Men,Athens,2004,B,Joan Lino MARTINEZ,ESP,8.32
M,Long Jump Men,Atlanta,1996,G,Carl LEWIS,USA,8.5
M,Long Jump Men,Atlanta,1996,S,James BECKFORD,JAM,8.29
M,Long Jump Men,Atlanta,1996,B,Joe GREENE,USA,8.24
M,Long Jump Men,Moscow,1980,G,Lutz DOMBROWSKI,GDR,8.54
M,Long Jump Men,Moscow,1980,S,Frank PASCHEK,GDR,8.21
M,Long Jump Men,Moscow,1980,B,Valeri PODLUZHNYI,URS,8.18
M,Long Jump Men,Tokyo,1964,G,Lynn DAVIES,GBR,8.07
M,Long Jump Men,Tokyo,1964,S,Ralph BOSTON,USA,8.03
M,Long Jump Men,Tokyo,1964,B,Igor TER-OVANESYAN,URS,7.99
M,Long Jump Men,Los Angeles,1932,G,Edward Lansing GORDON,USA,7.64
M,Long Jump Men,Los Angeles,1932,S,Lambert REDD,USA,7.6
M,Long Jump Men,Los Angeles,1932,B,Chuhei NAMBU,JPN,7.45
M,Long Jump Men,Paris,1924,G,William De Hart HUBBARD,USA,7.445
M,Long Jump Men,Paris,1924,S,Edward Orval GOURDIN,USA,7.275
M,Long Jump Men,Paris,1924,B,Sverre HANSEN,NOR,7.26
M,Long Jump Men,Stockholm,1912,G,Albert GUTTERSON,USA,7.6
M,Long Jump Men,Stockholm,1912,S,Calvin BRICKER,CAN,7.21
M,Long Jump Men,Stockholm,1912,B,Georg ABERG,SWE,7.18
M,Long Jump Men,St Louis,1904,G,Meyer PRINSTEIN,USA,7.34
M,Long Jump Men,St Louis,1904,S,Daniel FRANK,USA,6.89
M,Long Jump Men,St Louis,1904,B,Robert STANGLAND,USA,6.88
M,Long Jump Men,Athens,1896,G,Ellery CLARK,USA,6.35
M,Long Jump Men,Athens,1896,S,Robert GARRETT,USA,6.18
M,Long Jump Men,Athens,1896,B,James CONNOLLY,USA,6.11
M,Marathon Men,Rio,2016,G,Eliud Kipchoge ROTICH,KEN,02:08:44
M,Marathon Men,Rio,2016,S,Feyisa LILESA,ETH,2:09:54
M,Marathon Men,Rio,2016,B,Galen RUPP,USA,2:10:05
M,Marathon Men,Beijing,2008,G,Samuel Kamau WANJIRU,KEN,2h06:32
M,Marathon Men,Beijing,2008,S,Jaouad GHARIB,MAR,2h07:16
M,Marathon Men,Beijing,2008,B,Tsegay KEBEDE,ETH,2h10:00
M,Marathon Men,Sydney,2000,G,Gezahegne ABERA,ETH,02h10:11
M,Marathon Men,Sydney,2000,S,Erick WAINAINA,KEN,02h10:31
M,Marathon Men,Sydney,2000,B,Tesfaye TOLA,ETH,02h11:10
M,Marathon Men,Barcelona,1992,G,Young-Cho HWANG,KOR,2:13:23
M,Marathon Men,Barcelona,1992,S,Koichi MORISHITA,JPN,2:13:45
M,Marathon Men,Barcelona,1992,B,Stephan FREIGANG,GER,2:14:00
M,Marathon Men,Los Angeles,1984,G,Carlos LOPES,POR,2:09:21
M,Marathon Men,Los Angeles,1984,S,John TREACY,IRL,2:09:56
M,Marathon Men,Los Angeles,1984,B,Charles SPEDDING,GBR,2:09:58
M,Marathon Men,Montreal,1976,G,Waldemar CIERPINSKI,GDR,2:09:55.0
M,Marathon Men,Montreal,1976,S,Frank Charles SHORTER,USA,2:10:45.8
M,Marathon Men,Montreal,1976,B,Karel LISMONT,BEL,2:11:12.6
M,Marathon Men,Mexico,1968,G,Mamo WOLDE,ETH,2:20:26.4
M,Marathon Men,Mexico,1968,S,Kenji KIMIHARA,JPN,2:23:31.0
M,Marathon Men,Mexico,1968,B,Mike RYAN,NZL,2:23:45.0
M,Marathon Men,Rome,1960,G,Abebe BIKILA,ETH,2:15:16.2
M,Marathon Men,Rome,1960,S,Abdesiem RHADI BEN ABDESSELEM,MAR,2:15:41.6
M,Marathon Men,Rome,1960,B,Barry MAGEE,NZL,2:17:18.2
M,Marathon Men,Helsinki,1952,G,Emil ZÃTOPEK,TCH,2:23:03.2
M,Marathon Men,Helsinki,1952,S,Reinaldo GORNO,ARG,2:25:35.0
M,Marathon Men,Helsinki,1952,B,Gustaf JANSSON,SWE,2:26:07.0
M,Marathon Men,Berlin,1936,G,Kitei SON,JPN,2:29:19.2
M,Marathon Men,Berlin,1936,S,Ernest HARPER,GBR,2:31:23.2
M,Marathon Men,Berlin,1936,B,Shoryu NAN,JPN,2:31:42.0
M,Marathon Men,Amsterdam,1928,G,BoughÃ¨ra EL OUAFI,FRA,2:32.57
M,Marathon Men,Amsterdam,1928,S,Manuel PLAZA,CHI,2:33.23
M,Marathon Men,Amsterdam,1928,B,Martti MARTTELIN,FIN,2:35.02
M,Marathon Men,Antwerp,1920,G,Hannes KOLEHMAINEN,FIN,2:32:35.8
M,Marathon Men,Antwerp,1920,S,JÃ¼ri LOSSMANN,EST,2:32:48.6
M,Marathon Men,Antwerp,1920,B,Valerio ARRI,ITA,2:36:32.8
M,Marathon Men,London,1908,G,John HAYES,USA,2:55:18.4
M,Marathon Men,London,1908,S,Charles HEFFERON,RSA,2:56:06.0
M,Marathon Men,London,1908,B,Joseph FORSHAW,USA,2:57:10.4
M,Marathon Men,Paris,1900,G,Michel THÃATO,FRA,2-59:45.0
M,Marathon Men,Paris,1900,S,Ãmile CHAMPION,FRA,3-04:17.0
M,Marathon Men,Paris,1900,B,Ernst FAST,SWE,3-37:14.0
M,Marathon Men,London,2012,G,Stephen KIPROTICH,UGA,2:08:01
M,Marathon Men,London,2012,S,Abel KIRUI,KEN,2:08:27
M,Marathon Men,London,2012,B,Wilson Kipsang KIPROTICH,KEN,2:09:37
M,Marathon Men,Athens,2004,G,Stefano BALDINI,ITA,2h10:55
M,Marathon Men,Athens,2004,S,Mebrahtom KEFLEZIGHI,USA,2h11:29
M,Marathon Men,Athens,2004,B,Vanderlei DE LIMA,BRA,2h12:11
M,Marathon Men,Atlanta,1996,G,Josia THUGWANE,RSA,2:12:36
M,Marathon Men,Atlanta,1996,S,Bong Ju LEE,KOR,2:12:39
M,Marathon Men,Atlanta,1996,B,Erick WAINAINA,KEN,2:12:44
M,Marathon Men,Seoul,1988,G,Gelindo BORDIN,ITA,2:10:32
M,Marathon Men,Seoul,1988,S,Douglas WAKIIHURI,KEN,2:10:47
M,Marathon Men,Seoul,1988,B,Hussein AHMED SALAH,DJI,2:10:59
M,Marathon Men,Moscow,1980,G,Waldemar CIERPINSKI,GDR,2:11:03.0
M,Marathon Men,Moscow,1980,S,Gerard NIJBOER,NED,2:11:20.0
M,Marathon Men,Moscow,1980,B,Setymkul DZHUMANAZAROV,URS,2:11:35.0
M,Marathon Men,Munich,1972,G,Frank Charles SHORTER,USA,2:12:19.8
M,Marathon Men,Munich,1972,S,Karel LISMONT,BEL,2:14:31.8
M,Marathon Men,Munich,1972,B,Mamo WOLDE,ETH,2:15:08.4
M,Marathon Men,Tokyo,1964,G,Abebe BIKILA,ETH,2:12:11.2
M,Marathon Men,Tokyo,1964,S,Basil HEATLEY,GBR,2:16:19.2
M,Marathon Men,Tokyo,1964,B,Kokichi TSUBURAYA,JPN,2:16:22.8
M,Marathon Men,Melbourne / Stockholm,1956,G,Alain MIMOUN,FRA,2:25:00
M,Marathon Men,Melbourne / Stockholm,1956,S,Franjo MIHALIC,YUG,2:26:32
M,Marathon Men,Melbourne / Stockholm,1956,B,Veikko KARVONEN,FIN,2:27:47
M,Marathon Men,London,1948,G,Delfo CABRERA,ARG,2:34:51.6
M,Marathon Men,London,1948,S,Thomas John Henry RICHARDS,GBR,2:35:07.6
M,Marathon Men,London,1948,B,Etienne GAILLY,BEL,2:35:33.6
M,Marathon Men,Los Angeles,1932,G,Juan Carlos ZABALA,ARG,2:31:36
M,Marathon Men,Los Angeles,1932,S,Samuel FERRIS,GBR,2:31:55
M,Marathon Men,Los Angeles,1932,B,Armas TOIVONEN,FIN,2:32:12
M,Marathon Men,Paris,1924,G,Albin STENROOS,FIN,2:41:22.6
M,Marathon Men,Paris,1924,S,Romeo BERTINI,ITA,2:47:19.6
M,Marathon Men,Paris,1924,B,Clarence DEMAR,USA,2:48:14.0
M,Marathon Men,Stockholm,1912,G,Kennedy Kane MCARTHUR,RSA,2:36:54.8
M,Marathon Men,Stockholm,1912,S,Christian W. GITSHAM,RSA,2:37:52.0
M,Marathon Men,Stockholm,1912,B,Gaston STROBINO,USA,2:38:42.4
M,Marathon Men,St Louis,1904,G,Thomas HICKS,USA,3:28:53.0
M,Marathon Men,St Louis,1904,S,Albert CORAY,USA,3:34:52.0
M,Marathon Men,St Louis,1904,B,Arthur NEWTON,USA,3:47:33.0
M,Marathon Men,Athens,1896,G,Spyridon LOUIS,GRE,2-58:50
M,Marathon Men,Athens,1896,S,Kharilaos VASILAKOS,GRE,3-06:03
M,Marathon Men,Athens,1896,B,Gyula KELLNER,HUN,3-06:35
M,Pole Vault Men,Rio,2016,G,Thiago Braz DA SILVA,BRA,6.03
M,Pole Vault Men,Rio,2016,S,Renaud LAVILLENIE,FRA,5.98
M,Pole Vault Men,Rio,2016,B,Sam KENDRICKS,USA,5.85
M,Pole Vault Men,Beijing,2008,G,Steve HOOKER,AUS,5.96
M,Pole Vault Men,Beijing,2008,S,Evgeniy LUKYANENKO,RUS,5.85
M,Pole Vault Men,Sydney,2000,G,Nick HYSONG,USA,5.9
M,Pole Vault Men,Sydney,2000,S,Lawrence JOHNSON,USA,5.9
M,Pole Vault Men,Sydney,2000,B,Maksim TARASOV,RUS,5.9
M,Pole Vault Men,Barcelona,1992,G,Maksim TARASOV,EUN,5.8
M,Pole Vault Men,Barcelona,1992,S,Igor TRANDENKOV,EUN,5.8
M,Pole Vault Men,Barcelona,1992,B,Javier GARCÃA,ESP,5.75
M,Pole Vault Men,Rome,1960,G,Don BRAGG,USA,4.7
M,Pole Vault Men,Rome,1960,S,Ronald MORRIS,USA,4.6
M,Pole Vault Men,Rome,1960,B,Eeles LANDSTRÃM,FIN,4.55
M,Pole Vault Men,Helsinki,1952,G,Bob RICHARDS,USA,4.55
M,Pole Vault Men,Helsinki,1952,S,Don LAZ,USA,4.5
M,Pole Vault Men,Helsinki,1952,B,Ragnar Torsten LUNDBERG,SWE,4.4
M,Pole Vault Men,London,1908,G,Alfred Carleten GILBERT,USA,3.71
M,Pole Vault Men,London,1908,G,Edward COOK,USA,3.71
M,Pole Vault Men,London,1908,B,Edward ARCHIBALD,CAN,3.58
M,Pole Vault Men,London,1908,B,Charles JACOBS,USA,3.58
M,Pole Vault Men,London,1908,B,Bruno SÃDERSTRÃM,SWE,3.58
M,Pole Vault Men,Paris,1900,G,Irving BAXTER,USA,3.3
M,Pole Vault Men,Paris,1900,S,Meredith COLKETT,USA,3.25
M,Pole Vault Men,Paris,1900,B,Carl Albert ANDERSEN,NOR,3.2
M,Pole Vault Men,London,2012,G,Renaud LAVILLENIE,FRA,5.97
M,Pole Vault Men,London,2012,S,Bjorn OTTO,GER,5.91
M,Pole Vault Men,London,2012,B,Raphael HOLZDEPPE,GER,5.91
M,Pole Vault Men,Athens,2004,G,Timothy MACK,USA,5.95
M,Pole Vault Men,Athens,2004,S,Toby STEVENSON,USA,5.9
M,Pole Vault Men,Athens,2004,B,Giuseppe GIBILISCO,ITA,5.85
M,Pole Vault Men,Atlanta,1996,G,Jean GALFIONE,FRA,5.92
M,Pole Vault Men,Atlanta,1996,S,Igor TRANDENKOV,RUS,5.92
M,Pole Vault Men,Atlanta,1996,B,Andrei TIVONTCHIK,GER,5.92
M,Pole Vault Men,Moscow,1980,G,Wladyslaw KOZAKIEWICZ,POL,5.78
M,Pole Vault Men,Moscow,1980,S,Tadeusz SLUSARSKI,POL,5.65
M,Pole Vault Men,Moscow,1980,S,Konstantin VOLKOV,URS,5.65
M,Pole Vault Men,Tokyo,1964,G,Fred HANSEN,USA,5.1
M,Pole Vault Men,Tokyo,1964,S,Wolfgang REINHARDT,EUA,5.05
M,Pole Vault Men,Tokyo,1964,B,Klaus LEHNERTZ,EUA,5.0
M,Pole Vault Men,Los Angeles,1932,G,William Waring MILLER,USA,4.315
M,Pole Vault Men,Los Angeles,1932,S,Shuhei NISHIDA,JPN,4.3
M,Pole Vault Men,Los Angeles,1932,B,George JEFFERSON,USA,4.2
M,Pole Vault Men,Paris,1924,G,Lee BARNES,USA,3.95
M,Pole Vault Men,Paris,1924,S,Glenn GRAHAM,USA,3.95
M,Pole Vault Men,Paris,1924,B,James BROOKER,USA,3.9
M,Pole Vault Men,Stockholm,1912,G,Harry Stoddard BABCOCK,USA,3.95
M,Pole Vault Men,Stockholm,1912,S,Frank NELSON,USA,3.85
M,Pole Vault Men,Stockholm,1912,S,Marc WRIGHT,USA,3.85
M,Pole Vault Men,Stockholm,1912,B,William HAPPENNY,CAN,3.8
M,Pole Vault Men,Stockholm,1912,B,Bertil UGGLA,SWE,3.8
M,Pole Vault Men,Stockholm,1912,B,Frank MURPHY,USA,3.8
M,Pole Vault Men,St Louis,1904,G,Charles DVORAK,USA,3.5
M,Pole Vault Men,St Louis,1904,S,Leroy SAMSE,USA,3.43
M,Pole Vault Men,St Louis,1904,B,Louis WILKINS,USA,3.43
M,Pole Vault Men,Athens,1896,G,William Welles HOYT,USA,3.3
M,Pole Vault Men,Athens,1896,S,Albert TYLER,USA,3.2
M,Pole Vault Men,Athens,1896,B,Evangelos DAMASKOS,GRE,2.6
M,Pole Vault Men,Athens,1896,B,Ioannis THEODOROPOULOS,GRE,2.6
M,Shot Put Men,Rio,2016,G,Ryan CROUSER,USA,22.52
M,Shot Put Men,Rio,2016,S,Joe KOVACS,USA,21.78
M,Shot Put Men,Rio,2016,B,Tomas WALSH,NZL,21.36
M,Shot Put Men,Beijing,2008,G,Tomasz MAJEWSKI,POL,21.51
M,Shot Put Men,Beijing,2008,S,Christian CANTWELL,USA,21.09
M,Shot Put Men,Beijing,2008,B,Dylan ARMSTRONG,CAN,21.04
M,Shot Put Men,Sydney,2000,G,Arsi HARJU,FIN,21.29
M,Shot Put Men,Sydney,2000,S,Adam NELSON,USA,21.21
M,Shot Put Men,Sydney,2000,B,John GODINA,USA,21.2
M,Shot Put Men,Barcelona,1992,G,Mike STULCE,USA,21.7
M,Shot Put Men,Barcelona,1992,S,Jim DOEHRING,USA,20.96
M,Shot Put Men,Barcelona,1992,B,Vyacheslav LYKHO,EUN,20.94
M,Shot Put Men,Los Angeles,1984,G,Alessandro ANDREI,ITA,21.26
M,Shot Put Men,Los Angeles,1984,S,Michael D'Andrea CARTER,USA,21.09
M,Shot Put Men,Los Angeles,1984,B,Dave LAUT,USA,20.97
M,Shot Put Men,Rome,1960,G,William NIEDER,USA,19.68
M,Shot Put Men,Rome,1960,S,Parry O'BRIEN,USA,19.11
M,Shot Put Men,Rome,1960,B,Dallas LONG,USA,19.01
M,Shot Put Men,Helsinki,1952,G,Parry O'BRIEN,USA,17.41
M,Shot Put Men,Helsinki,1952,S,Darrow Clarence HOOPER,USA,17.39
M,Shot Put Men,Helsinki,1952,B,James FUCHS,USA,17.06
M,Shot Put Men,Berlin,1936,G,Hans WOELLKE,GER,16.2
M,Shot Put Men,Berlin,1936,S,Sulo BÃRLUND,FIN,16.12
M,Shot Put Men,Berlin,1936,B,Gerhard STÃCK,GER,15.66
M,Shot Put Men,London,1908,G,Ralph ROSE,USA,14.21
M,Shot Put Men,London,1908,S,Denis HORGAN,GBR,13.62
M,Shot Put Men,London,1908,B,John GARRELLS,USA,13.18
M,Shot Put Men,Paris,1900,G,Richard SHELDON,USA,14.1
M,Shot Put Men,Paris,1900,S,Josiah MCCRACKEN,USA,12.85
M,Shot Put Men,Paris,1900,B,Robert GARRETT,USA,12.35
M,Shot Put Men,London,2012,G,Tomasz MAJEWSKI,POL,21.89
M,Shot Put Men,London,2012,S,David STORL,GER,21.86
M,Shot Put Men,London,2012,B,Reese HOFFA,USA,21.23
M,Shot Put Men,Athens,2004,G,Adam NELSON,USA,21.16
M,Shot Put Men,Athens,2004,S,Joachim Broechner OLSEN,DEN,21.07
M,Shot Put Men,Athens,2004,B,Manuel MARTINEZ,ESP,20.84
M,Shot Put Men,Atlanta,1996,G,Randy BARNES,USA,21.62
M,Shot Put Men,Atlanta,1996,S,John GODINA,USA,20.79
M,Shot Put Men,Atlanta,1996,B,Oleksandr BAGACH,UKR,20.75
M,Shot Put Men,Moscow,1980,G,Vladimir KISELEV,URS,21.35
M,Shot Put Men,Moscow,1980,S,Aleksandr BARYSHNIKOV,URS,21.08
M,Shot Put Men,Moscow,1980,B,Udo BEYER,GDR,21.06
M,Shot Put Men,Tokyo,1964,G,Dallas LONG,USA,20.33
M,Shot Put Men,Tokyo,1964,S,Randy MATSON,USA,20.2
M,Shot Put Men,Tokyo,1964,B,Vilmos VARJU,HUN,19.39
M,Shot Put Men,Los Angeles,1932,G,Leo SEXTON,USA,16.0
M,Shot Put Men,Los Angeles,1932,S,Harlow ROTHERT,USA,15.67
M,Shot Put Men,Los Angeles,1932,B,Franti?ek DOUDA,TCH,15.61
M,Shot Put Men,Paris,1924,G,Bud HOUSER,USA,14.995
M,Shot Put Men,Paris,1924,S,Glenn HARTRANFT,USA,14.895
M,Shot Put Men,Paris,1924,B,Ralph HILLS,USA,14.64
M,Shot Put Men,Stockholm,1912,G,Patrick MCDONALD,USA,15.34
M,Shot Put Men,Stockholm,1912,S,Ralph ROSE,USA,15.25
M,Shot Put Men,Stockholm,1912,B,Lawrence WHITNEY,USA,13.93
M,Shot Put Men,St Louis,1904,G,Ralph ROSE,USA,14.81
M,Shot Put Men,St Louis,1904,S,Wesley COE,USA,14.4
M,Shot Put Men,St Louis,1904,B,Lawrence E. Joseph FEUERBACH,USA,13.37
M,Shot Put Men,Athens,1896,G,Robert GARRETT,USA,11.22
M,Shot Put Men,Athens,1896,S,Miltiadis GOUSKOS,GRE,11.2
M,Shot Put Men,Athens,1896,B,Georgios PAPASIDERIS,GRE,10.36
M,Triple Jump Men,Rio,2016,G,Christian TAYLOR,USA,17.86
M,Triple Jump Men,Rio,2016,S,Will CLAYE,USA,17.76
M,Triple Jump Men,Rio,2016,B,Bin DONG,CHN,17.58
M,Triple Jump Men,Beijing,2008,G,Nelson EVORA,POR,17.67
M,Triple Jump Men,Beijing,2008,S,Phillips IDOWU,GBR,17.62
M,Triple Jump Men,Beijing,2008,B,Leevan SANDS,BAH,17.59
M,Triple Jump Men,Sydney,2000,G,Jonathan EDWARDS,GBR,17.71
M,Triple Jump Men,Sydney,2000,S,Yoel GARCÃA,CUB,17.47
M,Triple Jump Men,Sydney,2000,B,Denis KAPUSTIN,RUS,17.46
M,Triple Jump Men,Barcelona,1992,G,Mike CONLEY,USA,18.17
M,Triple Jump Men,Barcelona,1992,S,Charles SIMPKINS,USA,17.6
M,Triple Jump Men,Barcelona,1992,B,Frank RUTHERFORD,BAH,17.36
M,Triple Jump Men,Rome,1960,G,Jozef SCHMIDT,POL,16.81
M,Triple Jump Men,Rome,1960,S,Vladimir GORYAYEV,URS,16.63
M,Triple Jump Men,Rome,1960,B,Vitold KREYER,URS,16.43
M,Triple Jump Men,Helsinki,1952,G,Adhemar DA SILVA,BRA,16.22
M,Triple Jump Men,Helsinki,1952,S,Leonid SHCHERBAKOV,URS,15.98
M,Triple Jump Men,Helsinki,1952,B,Arnoldo DEVONISH,VEN,15.52
M,Triple Jump Men,London,1908,G,Tim AHEARNE,GBR,14.92
M,Triple Jump Men,London,1908,S,Garfield MACDONALD,CAN,14.76
M,Triple Jump Men,London,1908,B,Edvard LARSEN,NOR,14.39
M,Triple Jump Men,Paris,1900,G,Meyer PRINSTEIN,USA,14.47
M,Triple Jump Men,Paris,1900,S,James CONNOLLY,USA,13.97
M,Triple Jump Men,Paris,1900,B,Lewis SHELDON,USA,13.64
M,Triple Jump Men,London,2012,G,Christian TAYLOR,USA,17.81
M,Triple Jump Men,London,2012,S,Will CLAYE,USA,17.62
M,Triple Jump Men,London,2012,B,Fabrizio DONATO,ITA,17.48
M,Triple Jump Men,Athens,2004,G,Christian OLSSON,SWE,17.79
M,Triple Jump Men,Athens,2004,S,Marian OPREA,ROU,17.55
M,Triple Jump Men,Athens,2004,B,Daniil Sergeyevich BURKENYA,RUS,17.48
M,Triple Jump Men,Atlanta,1996,G,Kenny HARRISON,USA,18.09
M,Triple Jump Men,Atlanta,1996,S,Jonathan EDWARDS,GBR,17.88
M,Triple Jump Men,Atlanta,1996,B,Yoelvis QUESADA,CUB,17.44
M,Triple Jump Men,Moscow,1980,G,Jaak UUDMÃE,URS,17.35
M,Triple Jump Men,Moscow,1980,S,Viktor SANEYEV,URS,17.24
M,Triple Jump Men,Moscow,1980,B,JoÃ£o Carlos DE OLIVEIRA,BRA,17.22
M,Triple Jump Men,Tokyo,1964,G,Jozef SCHMIDT,POL,16.85
M,Triple Jump Men,Tokyo,1964,S,Oleg Georgiyevich FEDOSEYEV,URS,16.58
M,Triple Jump Men,Tokyo,1964,B,Viktor KRAVCHENKO,URS,16.57
M,Triple Jump Men,Los Angeles,1932,G,Chuhei NAMBU,JPN,15.72
M,Triple Jump Men,Los Angeles,1932,S,Eric SVENSSON,SWE,15.32
M,Triple Jump Men,Los Angeles,1932,B,Kenkichi OSHIMA,JPN,15.12
M,Triple Jump Men,Paris,1924,G,Nick WINTER,AUS,15.525
M,Triple Jump Men,Paris,1924,S,Luis BRUNETTO,ARG,15.425
M,Triple Jump Men,Paris,1924,B,Ville TUULOS,FIN,15.37
M,Triple Jump Men,Stockholm,1912,G,Gustav LINDBLOM,SWE,14.76
M,Triple Jump Men,Stockholm,1912,S,Georg ABERG,SWE,14.51
M,Triple Jump Men,Stockholm,1912,B,Erik ALMLÃF,SWE,14.17
M,Triple Jump Men,St Louis,1904,G,Meyer PRINSTEIN,USA,14.35
M,Triple Jump Men,St Louis,1904,S,Fred ENGELHARDT,USA,13.9
M,Triple Jump Men,St Louis,1904,B,Robert STANGLAND,USA,13.36
M,Triple Jump Men,Athens,1896,G,James CONNOLLY,USA,13.71
M,Triple Jump Men,Athens,1896,S,Alexandre TUFFERI,FRA,12.7
M,Triple Jump Men,Athens,1896,B,Ioannis PERSAKIS,GRE,12.52
W,10000M Women,Rio,2016,G,Almaz AYANA,ETH,29:17.45
W,10000M Women,Rio,2016,S,Vivian Jepkemoi CHERUIYOT,KEN,29:32.53
W,10000M Women,Rio,2016,B,Tirunesh DIBABA,ETH,29:42.56
W,10000M Women,Beijing,2008,G,Tirunesh DIBABA,ETH,29:54.66
W,10000M Women,Beijing,2008,S,Elvan ABEYLEGESSE,TUR,29:56.34
W,10000M Women,Beijing,2008,B,Shalane FLANAGAN,USA,30:22.22
W,10000M Women,Sydney,2000,G,Derartu TULU,ETH,30:17.49
W,10000M Women,Sydney,2000,S,Gete WAMI,ETH,30:22.48
W,10000M Women,Sydney,2000,B,Fernanda RIBEIRO,POR,30:22.88
W,10000M Women,Barcelona,1992,G,Derartu TULU,ETH,31:06.02
W,10000M Women,Barcelona,1992,S,Elana MEYER,RSA,31:11.75
W,10000M Women,Barcelona,1992,B,Lynn JENNINGS,USA,31:19.89
W,10000M Women,London,2012,G,Tirunesh DIBABA,ETH,30:20.75
W,10000M Women,London,2012,S,Sally Jepkosgei KIPYEGO,KEN,30:26.37
W,10000M Women,London,2012,B,Vivian Jepkemoi CHERUIYOT,KEN,30:30.44
W,10000M Women,Athens,2004,G,Huina XING,CHN,30:24.36
W,10000M Women,Athens,2004,S,Ejegayehu DIBABA,ETH,30:24.98
W,10000M Women,Athens,2004,B,Derartu TULU,ETH,30:26.42
W,10000M Women,Atlanta,1996,G,Fernanda RIBEIRO,POR,31:01.63
W,10000M Women,Atlanta,1996,S,Junxia WANG,CHN,31:02.58
W,10000M Women,Atlanta,1996,B,Gete WAMI,ETH,31:06.65
W,100M Hurdles Women,Rio,2016,G,Brianna ROLLINS,USA,12.48
W,100M Hurdles Women,Rio,2016,S,Nia ALI,USA,12.59
W,100M Hurdles Women,Rio,2016,B,Kristi CASTLIN,USA,12.61
W,100M Hurdles Women,Beijing,2008,G,Dawn HARPER,USA,12.54,+0.1
W,100M Hurdles Women,Beijing,2008,S,Sally PEARSON,AUS,12.64,+0.1
W,100M Hurdles Women,Beijing,2008,B,Priscilla LOPES-SCHLIEP,CAN,12.64,+0.1
W,100M Hurdles Women,Sydney,2000,G,Olga SHISHIGINA,KAZ,12.65
W,100M Hurdles Women,Sydney,2000,S,Gloria ALOZIE,NGR,12.68
W,100M Hurdles Women,Sydney,2000,B,Melissa MORRISON,USA,12.76
W,100M Hurdles Women,Barcelona,1992,G,Voula PATOULIDOU,GRE,12.64
W,100M Hurdles Women,Barcelona,1992,S,LaVonna MARTIN,USA,12.69
W,100M Hurdles Women,Barcelona,1992,B,Yordanka DONKOVA,BUL,12.7
W,100M Hurdles Women,Los Angeles,1984,G,Benita FITZGERALD-BROWN,USA,12.84
W,100M Hurdles Women,Los Angeles,1984,S,Shirley STRONG,GBR,12.88
W,100M Hurdles Women,Los Angeles,1984,B,MichÃ¨le CHARDONNET,FRA,13.06
W,100M Hurdles Women,Los Angeles,1984,B,Kim TURNER,USA,13.06
W,100M Hurdles Women,Montreal,1976,G,Johanna SCHALLER-KLIER,GDR,12.77
W,100M Hurdles Women,Montreal,1976,S,Tatiana ANISIMOVA,URS,12.78
W,100M Hurdles Women,Montreal,1976,B,Natalya LEBEDEVA,URS,12.8
W,100M Hurdles Women,London,2012,G,Sally PEARSON,AUS,12.35
W,100M Hurdles Women,London,2012,S,Dawn HARPER,USA,12.37
W,100M Hurdles Women,London,2012,B,Kellie WELLS,USA,12.48
W,100M Hurdles Women,Athens,2004,G,Joanna HAYES,USA,12.37
W,100M Hurdles Women,Athens,2004,S,Olena KRASOVSKA,UKR,12.45
W,100M Hurdles Women,Athens,2004,B,Melissa MORRISON,USA,12.56
W,100M Hurdles Women,Atlanta,1996,G,Ludmila ENGQUIST,SWE,12.58
W,100M Hurdles Women,Atlanta,1996,S,Brigita BUKOVEC,SLO,12.59
W,100M Hurdles Women,Atlanta,1996,B,Patricia GIRARD,FRA,12.65
W,100M Hurdles Women,Moscow,1980,G,Vera KOMISOVA,URS,12.56
W,100M Hurdles Women,Moscow,1980,S,Johanna SCHALLER-KLIER,GDR,12.63
W,100M Hurdles Women,Moscow,1980,B,Lucyna LANGER,POL,12.65
W,100M Hurdles Women,Munich,1972,G,Annelie EHRHARDT,GDR,12.59
W,100M Hurdles Women,Munich,1972,S,Valeria BUFANU,ROU,12.84
W,100M Hurdles Women,Munich,1972,B,Karin RICHERT-BALZER,GDR,12.9
W,100M Women,Rio,2016,G,Elaine THOMPSON,JAM,10.71
W,100M Women,Rio,2016,S,Tori BOWIE,USA,10.83
W,100M Women,Rio,2016,B,Shelly-Ann FRASER-PRYCE,JAM,10.86
W,100M Women,Beijing,2008,G,Shelly-Ann FRASER-PRYCE,JAM,10.78
W,100M Women,Beijing,2008,S,Sherone SIMPSON,JAM,10.98
W,100M Women,Beijing,2008,S,Kerron STEWART,JAM,10.98
W,100M Women,Sydney,2000,S,Ekaterini THANOU,GRE,11.12
W,100M Women,Sydney,2000,S,Tanya LAWRENCE,JAM,11.18
W,100M Women,Sydney,2000,B,Merlene OTTEY,JAM,11.19
W,100M Women,Barcelona,1992,G,Gail DEVERS,USA,10.82
W,100M Women,Barcelona,1992,S,Juliet CUTHBERT,JAM,10.83
W,100M Women,Barcelona,1992,B,Irina PRIVALOVA,EUN,10.84
W,100M Women,Los Angeles,1984,G,Evelyn ASHFORD,USA,10.97
W,100M Women,Los Angeles,1984,S,Alice BROWN,USA,11.13
W,100M Women,Los Angeles,1984,B,Merlene OTTEY,JAM,11.16
W,100M Women,Montreal,1976,G,Annegret RICHTER-IRRGANG,FRG,11.08
W,100M Women,Montreal,1976,S,Renate STECHER,GDR,11.13
W,100M Women,Montreal,1976,B,Inge HELTEN,FRG,11.17
W,100M Women,Mexico,1968,G,Wyomia TYUS,USA,11.0
W,100M Women,Mexico,1968,S,Barbara FERRELL,USA,11.1
W,100M Women,Mexico,1968,B,Irena KIRSZENSTEIN,POL,11.1
W,100M Women,Rome,1960,G,Wilma RUDOLPH,USA,11.0
W,100M Women,Rome,1960,S,Dorothy HYMAN,GBR,11.3
W,100M Women,Rome,1960,B,Giuseppina LEONE,ITA,11.3
W,100M Women,Helsinki,1952,G,Marjorie JACKSON,AUS,11.5
W,100M Women,Helsinki,1952,S,Daphne HASENJAGER,RSA,11.8
W,100M Women,Helsinki,1952,B,Shirley STRICKLAND,AUS,11.9
W,100M Women,Berlin,1936,G,Helen STEPHENS,USA,11.5
W,100M Women,Berlin,1936,S,Stanislawa WALASIEWICZ,POL,11.7
W,100M Women,Berlin,1936,B,KÃ¤the KRAUSS,GER,11.9
W,100M Women,Amsterdam,1928,G,Elizabeth ROBINSON,USA,12.2
W,100M Women,Amsterdam,1928,S,Fanny ROSENFELD,CAN,None
W,100M Women,Amsterdam,1928,B,Ethel SMITH,CAN,None
W,100M Women,London,2012,G,Shelly-Ann FRASER-PRYCE,JAM,10.75
W,100M Women,London,2012,S,Carmelita JETER,USA,10.78
W,100M Women,London,2012,B,Veronica CAMPBELL-BROWN,JAM,10.81
W,100M Women,Athens,2004,G,Yuliya NESTSIARENKA,BLR,10.93
W,100M Women,Athens,2004,S,Lauryn WILLIAMS,USA,10.96
W,100M Women,Athens,2004,B,Veronica CAMPBELL-BROWN,JAM,10.97
W,100M Women,Atlanta,1996,G,Gail DEVERS,USA,10.94
W,100M Women,Atlanta,1996,S,Merlene OTTEY,JAM,10.94
W,100M Women,Atlanta,1996,B,Gwen TORRENCE,USA,10.96
W,100M Women,Moscow,1980,G,Lyudmila KONDRATYEVA,URS,11.06
W,100M Women,Moscow,1980,S,Marlies OELSNER-GÃHR,GDR,11.07
W,100M Women,Moscow,1980,B,Ingrid AUERSWALD-LANGE,GDR,11.14
W,100M Women,Munich,1972,G,Renate STECHER,GDR,11.07
W,100M Women,Munich,1972,S,Raelene Ann BOYLE,AUS,11.23
W,100M Women,Munich,1972,B,Silvia CHIVAS BARO,CUB,11.24
W,100M Women,Tokyo,1964,G,Wyomia TYUS,USA,11.4
W,100M Women,Tokyo,1964,S,Edith MCGUIRE,USA,11.6
W,100M Women,Tokyo,1964,B,Ewa KLOBUKOWSKA,POL,11.6
W,100M Women,Melbourne / Stockholm,1956,G,Betty CUTHBERT,AUS,11.5
W,100M Women,Melbourne / Stockholm,1956,S,Christa STUBNICK,EUA,11.7
W,100M Women,Melbourne / Stockholm,1956,B,Marlene MATHEWS-WILLARD,AUS,11.7
W,100M Women,London,1948,G,Fanny BLANKERS-KOEN,NED,11.9
W,100M Women,London,1948,S,Dorothy HALL,GBR,12.2
W,100M Women,London,1948,B,Shirley STRICKLAND,AUS,12.2
W,100M Women,Los Angeles,1932,G,Stanislawa WALASIEWICZ,POL,11.9
W,100M Women,Los Angeles,1932,S,Hilda STRIKE,CAN,11.9
W,100M Women,Los Angeles,1932,B,Wilhelmina VON BREMEN,USA,12.0
W,1500M Women,Rio,2016,G,Faith Chepngetich KIPYEGON,KEN,4:08.92
W,1500M Women,Rio,2016,S,Genzebe DIBABA,ETH,4:10.27
W,1500M Women,Rio,2016,B,Jennifer SIMPSON,USA,4:10.53
W,1500M Women,Beijing,2008,G,Nancy Jebet LAGAT,KEN,4:00.23
W,1500M Women,Beijing,2008,S,Iryna LISHCHYNSKA,UKR,4:01.63
W,1500M Women,Beijing,2008,B,Nataliya TOBIAS,UKR,4:01.78
W,1500M Women,Sydney,2000,G,Nouria MERAH-BENIDA,ALG,04:05.10
W,1500M Women,Sydney,2000,S,Violeta SZEKELY,ROU,04:05.15
W,1500M Women,Sydney,2000,B,Gabriela SZABO,ROU,04:05.27
W,1500M Women,Barcelona,1992,G,Hassiba BOULMERKA,ALG,3:55.30
W,1500M Women,Barcelona,1992,S,Lyudmila ROGACHOVA,EUN,3:56.91
W,1500M Women,Barcelona,1992,B,Yunxia QU,CHN,3:57.08
W,1500M Women,Los Angeles,1984,G,Gabriella DORIO,ITA,4:03.25
W,1500M Women,Los Angeles,1984,S,Doina MELINTE,ROU,4:03.76
W,1500M Women,Los Angeles,1984,B,Maricica PUICA,ROU,4:04.15
W,1500M Women,Montreal,1976,G,Tatiana KAZANKINA,URS,4:05.48
W,1500M Women,Montreal,1976,S,Gunhild HOFFMEISTER,GDR,4:06.02
W,1500M Women,Montreal,1976,B,Ulrike KLAPEZYNSKI-BRUNS,GDR,4:06.09
W,1500M Women,London,2012,S,Gamze BULUT,TUR,4:10.40
W,1500M Women,London,2012,B,Maryam Yusuf JAMAL,BRN,4:10.74
W,1500M Women,Athens,2004,G,Kelly HOLMES,GBR,3:57.90
W,1500M Women,Athens,2004,S,Tatyana TOMASHOVA,RUS,3:58.12
W,1500M Women,Athens,2004,B,Maria CIONCAN,ROU,3:58.39
W,1500M Women,Atlanta,1996,G,Svetlana MASTERKOVA,RUS,4:00.83
W,1500M Women,Atlanta,1996,S,Gabriela SZABO,ROU,4:01.54
W,1500M Women,Atlanta,1996,B,Theresia KIESL,AUT,4:03.02
W,1500M Women,Moscow,1980,G,Tatiana KAZANKINA,URS,3:56.6
W,1500M Women,Moscow,1980,S,Christiane STOLL-WARTENBERG,GDR,3:57.8
W,1500M Women,Moscow,1980,B,Nadezhda OLIZARENKO,URS,3:59.6
W,1500M Women,Munich,1972,G,Lyudmila BRAGINA,URS,4:01.38
W,1500M Women,Munich,1972,S,Gunhild HOFFMEISTER,GDR,4:02.83
W,1500M Women,Munich,1972,B,Paola PIGNI-CACCHI,ITA,4:02.85
W,200M Women,Rio,2016,G,Elaine THOMPSON,JAM,21.78
W,200M Women,Rio,2016,S,Dafne SCHIPPERS,NED,21.88
W,200M Women,Rio,2016,B,Tori BOWIE,USA,22.15
W,200M Women,Beijing,2008,G,Veronica CAMPBELL-BROWN,JAM,21.74,+0.6
W,200M Women,Beijing,2008,S,Allyson FELIX,USA,21.93,+0.6
W,200M Women,Beijing,2008,B,Kerron STEWART,JAM,22.00,+0.6
W,200M Women,Sydney,2000,G,Pauline DAVIS,BAH,22.27
W,200M Women,Sydney,2000,S,Susanthika JAYASINGHE,SRI,22.28
W,200M Women,Sydney,2000,B,Beverly MCDONALD,JAM,22.35
W,200M Women,Barcelona,1992,G,Gwen TORRENCE,USA,21.81
W,200M Women,Barcelona,1992,S,Juliet CUTHBERT,JAM,22.02
W,200M Women,Barcelona,1992,B,Merlene OTTEY,JAM,22.09
W,200M Women,Los Angeles,1984,G,Valerie BRISCO,USA,21.81
W,200M Women,Los Angeles,1984,S,Florence GRIFFITH JOYNER,USA,22.04
W,200M Women,Los Angeles,1984,B,Merlene OTTEY,JAM,22.09
W,200M Women,Montreal,1976,G,BÃ¤rbel ECKERT-WÃCKEL,GDR,22.37
W,200M Women,Montreal,1976,S,Annegret RICHTER-IRRGANG,FRG,22.39
W,200M Women,Montreal,1976,B,Renate STECHER,GDR,22.47
W,200M Women,Mexico,1968,G,Irena KIRSZENSTEIN,POL,22.5
W,200M Women,Mexico,1968,S,Raelene Ann BOYLE,AUS,22.7
W,200M Women,Mexico,1968,B,Jennifer LAMY,AUS,22.8
W,200M Women,Rome,1960,G,Wilma RUDOLPH,USA,24.0
W,200M Women,Rome,1960,S,Jutta HEINE,EUA,24.4
W,200M Women,Rome,1960,B,Dorothy HYMAN,GBR,24.7
W,200M Women,Helsinki,1952,G,Marjorie JACKSON,AUS,23.7
W,200M Women,Helsinki,1952,S,Bertha BROUWER,NED,24.2
W,200M Women,Helsinki,1952,B,Nadezhda KHNYKINA,URS,24.2
W,200M Women,London,2012,G,Allyson FELIX,USA,21.88
W,200M Women,London,2012,S,Shelly-Ann FRASER-PRYCE,JAM,22.09
W,200M Women,London,2012,B,Carmelita JETER,USA,22.14
W,200M Women,Athens,2004,G,Veronica CAMPBELL-BROWN,JAM,22.05
W,200M Women,Athens,2004,S,Allyson FELIX,USA,22.18
W,200M Women,Athens,2004,B,Debbie FERGUSON-MCKENZIE,BAH,22.3
W,200M Women,Atlanta,1996,G,Marie-JosÃ© PÃREC,FRA,22.12
W,200M Women,Atlanta,1996,S,Merlene OTTEY,JAM,22.24
W,200M Women,Atlanta,1996,B,Mary ONYALI,NGR,22.38
W,200M Women,Moscow,1980,G,BÃ¤rbel ECKERT-WÃCKEL,GDR,22.03
W,200M Women,Moscow,1980,S,Natalia BOCHINA,URS,22.19
W,200M Women,Moscow,1980,B,Merlene OTTEY,JAM,22.2
W,200M Women,Munich,1972,G,Renate STECHER,GDR,22.4
W,200M Women,Munich,1972,S,Raelene Ann BOYLE,AUS,22.45
W,200M Women,Munich,1972,B,Irena KIRSZENSTEIN,POL,22.74
W,200M Women,Tokyo,1964,G,Edith MCGUIRE,USA,23.0
W,200M Women,Tokyo,1964,S,Irena KIRSZENSTEIN,POL,23.1
W,200M Women,Tokyo,1964,B,Marilyn BLACK,AUS,23.1
W,200M Women,Melbourne / Stockholm,1956,G,Betty CUTHBERT,AUS,23.4
W,200M Women,Melbourne / Stockholm,1956,S,Christa STUBNICK,EUA,23.7
W,200M Women,Melbourne / Stockholm,1956,B,Marlene MATHEWS-WILLARD,AUS,23.8
W,200M Women,London,1948,G,Fanny BLANKERS-KOEN,NED,24.4
W,200M Women,London,1948,S,Audrey WILLIAMSON,GBR,25.1
W,200M Women,London,1948,B,Audrey PATTERSON,USA,25.2
W,20Km Race Walk Women,Rio,2016,G,Hong LIU,CHN,1:28:35
W,20Km Race Walk Women,Rio,2016,S,Maria Guadalupe GONZALEZ,MEX,1:28:37
W,20Km Race Walk Women,Rio,2016,B,Xiuzhi LU,CHN,1:28:42
W,20Km Race Walk Women,Beijing,2008,G,Olga KANISKINA,RUS,1h26:31
W,20Km Race Walk Women,Beijing,2008,S,Kjersti PLAETZER,NOR,1h27:07
W,20Km Race Walk Women,Beijing,2008,B,Elisa RIGAUDO,ITA,1h27:12
W,20Km Race Walk Women,Sydney,2000,G,Liping WANG,CHN,01h29:05
W,20Km Race Walk Women,Sydney,2000,G,Liping WANG,CHN,01h29:05
W,20Km Race Walk Women,Sydney,2000,S,Kjersti PLAETZER,NOR,01h29:33
W,20Km Race Walk Women,Sydney,2000,B,Maria VASCO,ESP,01h30:23
W,20Km Race Walk Women,London,2012,G,Elena LASHMANOVA,RUS,1:25:02
W,20Km Race Walk Women,London,2012,B,Shenjie QIEYANG,CHN,1:25:16
W,20Km Race Walk Women,Athens,2004,G,Athanasia TSOUMELEKA,GRE,1h29:12
W,20Km Race Walk Women,Athens,2004,S,Olimpiada IVANOVA,RUS,1h29:16
W,20Km Race Walk Women,Athens,2004,B,Jane SAVILLE,AUS,1h29:25
W,3000M Steeplechase Women,Rio,2016,G,Ruth JEBET,BRN,8:59.75
W,3000M Steeplechase Women,Rio,2016,S,Hyvin Kiyeng JEPKEMOI,KEN,9:07.12
W,3000M Steeplechase Women,Rio,2016,B,Emma COBURN,USA,9:07.63
W,3000M Steeplechase Women,Beijing,2008,G,Gulnara SAMITOVA,RUS,8:58.81
W,3000M Steeplechase Women,Beijing,2008,S,Eunice JEPKORIR,KEN,9:07.41
W,3000M Steeplechase Women,London,2012,G,Habiba GHRIBI,TUN,9:08.37
W,3000M Steeplechase Women,London,2012,S,Sofia ASSEFA,ETH,9:09.84
W,3000M Steeplechase Women,London,2012,B,Milcah Chemos CHEYWA,KEN,9:09.88
W,400M Hurdles Women,Rio,2016,G,Dalilah MUHAMMAD,USA,53.13
W,400M Hurdles Women,Rio,2016,S,Sara Slott PETERSEN,DEN,53.55
W,400M Hurdles Women,Rio,2016,B,Ashley SPENCER,USA,53.72
W,400M Hurdles Women,Beijing,2008,G,Melaine WALKER,JAM,52.64
W,400M Hurdles Women,Beijing,2008,S,Sheena TOSTA,USA,53.7
W,400M Hurdles Women,Beijing,2008,B,Natasha DANVERS,GBR,53.84
W,400M Hurdles Women,Sydney,2000,G,Irina PRIVALOVA,RUS,53.02
W,400M Hurdles Women,Sydney,2000,S,Deon Marie HEMMINGS,JAM,53.45
W,400M Hurdles Women,Sydney,2000,B,Nezha BIDOUANE,MAR,53.57
W,400M Hurdles Women,Barcelona,1992,G,Sally GUNNELL,GBR,53.23
W,400M Hurdles Women,Barcelona,1992,S,Sandra FARMER-PATRICK,USA,53.69
W,400M Hurdles Women,Barcelona,1992,B,Janeene VICKERS,USA,54.31
W,400M Hurdles Women,Los Angeles,1984,G,Nawal EL MOUTAWAKEL,MAR,54.61
W,400M Hurdles Women,Los Angeles,1984,S,Judi BROWN,USA,55.2
W,400M Hurdles Women,Los Angeles,1984,B,Cristina COJOCARU,ROU,55.41
W,400M Hurdles Women,London,2012,G,Natalya ANTYUKH,RUS,52.7
W,400M Hurdles Women,London,2012,S,Lashinda DEMUS,USA,52.77
W,400M Hurdles Women,London,2012,B,Zuzana HEJNOVA,CZE,53.38
W,400M Hurdles Women,Athens,2004,G,Fani KHALKIA,GRE,52.82
W,400M Hurdles Women,Athens,2004,S,Ionela TIRLEA,ROU,53.38
W,400M Hurdles Women,Athens,2004,B,Tetyana TERESHCHUK,UKR,53.44
W,400M Hurdles Women,Atlanta,1996,G,Deon Marie HEMMINGS,JAM,52.82
W,400M Hurdles Women,Atlanta,1996,S,Kim BATTEN,USA,53.08
W,400M Hurdles Women,Atlanta,1996,B,Tonja BUFORD-BAILEY,USA,53.22
W,400M Women,Rio,2016,G,Shaunae MILLER,BAH,49.44
W,400M Women,Rio,2016,S,Allyson FELIX,USA,49.51
W,400M Women,Rio,2016,B,Shericka JACKSON,JAM,49.85
W,400M Women,Beijing,2008,G,Christine OHURUOGU,GBR,49.62
W,400M Women,Beijing,2008,S,Shericka WILLIAMS,JAM,49.69
W,400M Women,Beijing,2008,B,Sanya RICHARDS-ROSS,USA,49.93
W,400M Women,Sydney,2000,G,Cathy FREEMAN,AUS,49.11
W,400M Women,Sydney,2000,S,Lorraine FENTON,JAM,49.58
W,400M Women,Sydney,2000,B,Katharine MERRY,GBR,49.72
W,400M Women,Barcelona,1992,G,Marie-JosÃ© PÃREC,FRA,48.83
W,400M Women,Barcelona,1992,S,Olga BRYZGINA,EUN,49.05
W,400M Women,Barcelona,1992,B,Ximena RESTREPO,COL,49.64
W,400M Women,Los Angeles,1984,G,Valerie BRISCO,USA,48.83
W,400M Women,Los Angeles,1984,S,Chandra CHEESEBOROUGH,USA,49.05
W,400M Women,Los Angeles,1984,B,Kathryn SMALLWOOD-COOK,GBR,49.42
W,400M Women,Montreal,1976,G,Irena KIRSZENSTEIN,POL,49.29
W,400M Women,Montreal,1976,S,Christina BREHMER-LATHAN,GDR,50.51
W,400M Women,Montreal,1976,B,Ellen STROPAHL-STREIDT,GDR,50.55
W,400M Women,Mexico,1968,G,Colette BESSON,FRA,52.0
W,400M Women,Mexico,1968,S,Lillian BOARD,GBR,52.1
W,400M Women,Mexico,1968,B,Natalya CHISTYAKOVA,URS,52.2
W,400M Women,London,2012,G,Sanya RICHARDS-ROSS,USA,49.55
W,400M Women,London,2012,S,Christine OHURUOGU,GBR,49.7
W,400M Women,London,2012,B,DeeDee TROTTER,USA,49.72
W,400M Women,Athens,2004,G,Tonique WILLIAMS-DARLING,BAH,49.41
W,400M Women,Athens,2004,S,Ana GUEVARA,MEX,49.56
W,400M Women,Athens,2004,B,Natalya ANTYUKH,RUS,49.89
W,400M Women,Atlanta,1996,G,Marie-JosÃ© PÃREC,FRA,48.25
W,400M Women,Atlanta,1996,S,Cathy FREEMAN,AUS,48.63
W,400M Women,Atlanta,1996,B,Falilat OGUNKOYA,NGR,49.1
W,400M Women,Moscow,1980,G,Marita KOCH,GDR,48.88
W,400M Women,Moscow,1980,S,Jarmila KRATOHVILOVA,TCH,49.46
W,400M Women,Moscow,1980,B,Christina BREHMER-LATHAN,GDR,49.66
W,400M Women,Munich,1972,G,Monika ZEHRT,GDR,51.08
W,400M Women,Munich,1972,S,Rita JAHN,FRG,51.21
W,400M Women,Munich,1972,B,Kathleen HAMMOND,USA,51.64
W,400M Women,Tokyo,1964,G,Betty CUTHBERT,AUS,52.0
W,400M Women,Tokyo,1964,S,Ann PACKER,GBR,52.2
W,400M Women,Tokyo,1964,B,Judith Florence AMOORE-POLLOCK,AUS,53.4
W,4X100M Relay Women,Rio,2016,G,null,USA,41.01
W,4X100M Relay Women,Rio,2016,S,null,JAM,41.36
W,4X100M Relay Women,Rio,2016,B,null,GBR,41.77
W,4X100M Relay Women,Beijing,2008,G,null,BEL,42.54
W,4X100M Relay Women,Beijing,2008,S,null,NGR,43.04
W,4X100M Relay Women,Beijing,2008,B,null,BRA,43.14
W,4X100M Relay Women,Sydney,2000,G,null,BAH,41.95
W,4X100M Relay Women,Sydney,2000,S,null,JAM,42.13
W,4X100M Relay Women,Sydney,2000,B,null,USA,42.2
W,4X100M Relay Women,Barcelona,1992,G,null,USA,42.11
W,4X100M Relay Women,Barcelona,1992,S,null,EUN,42.16
W,4X100M Relay Women,Barcelona,1992,B,null,NGR,42.81
W,4X100M Relay Women,Los Angeles,1984,G,null,USA,41.65
W,4X100M Relay Women,Los Angeles,1984,S,null,CAN,42.77
W,4X100M Relay Women,Los Angeles,1984,B,null,GBR,43.11
W,4X100M Relay Women,Montreal,1976,G,null,GDR,42.55
W,4X100M Relay Women,Montreal,1976,S,null,FRG,42.59
W,4X100M Relay Women,Montreal,1976,B,null,URS,43.09
W,4X100M Relay Women,Mexico,1968,G,null,USA,42.8
W,4X100M Relay Women,Mexico,1968,S,null,CUB,43.3
W,4X100M Relay Women,Mexico,1968,B,null,URS,43.4
W,4X100M Relay Women,Rome,1960,G,null,USA,44.5
W,4X100M Relay Women,Rome,1960,S,null,EUA,44.8
W,4X100M Relay Women,Rome,1960,B,null,POL,45.0
W,4X100M Relay Women,Helsinki,1952,G,null,USA,45.9
W,4X100M Relay Women,Helsinki,1952,S,null,GER,45.9
W,4X100M Relay Women,Helsinki,1952,B,null,GBR,46.2
W,4X100M Relay Women,Berlin,1936,G,null,USA,46.9
W,4X100M Relay Women,Berlin,1936,S,null,GBR,47.6
W,4X100M Relay Women,Berlin,1936,B,null,CAN,47.8
W,4X100M Relay Women,Amsterdam,1928,G,null,CAN,48.4
W,4X100M Relay Women,Amsterdam,1928,S,null,USA,None
W,4X100M Relay Women,Amsterdam,1928,B,null,GER,None
W,4X100M Relay Women,London,2012,G,null,USA,40.82
W,4X100M Relay Women,London,2012,S,null,JAM,41.41
W,4X100M Relay Women,London,2012,B,null,UKR,42.04
W,4X100M Relay Women,Athens,2004,G,null,JAM,41.73
W,4X100M Relay Women,Athens,2004,S,null,RUS,42.27
W,4X100M Relay Women,Athens,2004,B,null,FRA,42.54
W,4X100M Relay Women,Atlanta,1996,G,null,USA,41.95
W,4X100M Relay Women,Atlanta,1996,S,null,BAH,42.14
W,4X100M Relay Women,Atlanta,1996,B,null,JAM,42.24
W,4X100M Relay Women,Moscow,1980,G,null,GDR,41.6
W,4X100M Relay Women,Moscow,1980,S,null,URS,42.1
W,4X100M Relay Women,Moscow,1980,B,null,GBR,42.43
W,4X100M Relay Women,Munich,1972,G,null,FRG,42.81
W,4X100M Relay Women,Munich,1972,S,null,GDR,42.95
W,4X100M Relay Women,Munich,1972,B,null,CUB,43.36
W,4X100M Relay Women,Tokyo,1964,G,null,POL,43.6
W,4X100M Relay Women,Tokyo,1964,S,null,USA,43.9
W,4X100M Relay Women,Tokyo,1964,B,null,GBR,44.0
W,4X100M Relay Women,Melbourne / Stockholm,1956,G,null,AUS,44.5
W,4X100M Relay Women,Melbourne / Stockholm,1956,S,null,GBR,44.7
W,4X100M Relay Women,Melbourne / Stockholm,1956,B,null,USA,44.9
W,4X100M Relay Women,London,1948,G,null,NED,47.5
W,4X100M Relay Women,London,1948,S,null,AUS,47.6
W,4X100M Relay Women,London,1948,B,null,CAN,47.8
W,4X100M Relay Women,Los Angeles,1932,G,null,USA,47.0
W,4X100M Relay Women,Los Angeles,1932,S,null,CAN,47.0
W,4X100M Relay Women,Los Angeles,1932,B,null,GBR,47.6
W,4X400M Relay Women,Rio,2016,G,null,USA,None
W,4X400M Relay Women,Rio,2016,S,null,JAM,None
W,4X400M Relay Women,Rio,2016,B,null,GBR,None
W,4X400M Relay Women,Beijing,2008,G,null,USA,3:18.54
W,4X400M Relay Women,Beijing,2008,B,null,JAM,3:20.40
W,4X400M Relay Women,Sydney,2000,G,null,USA,03:22.62
W,4X400M Relay Women,Sydney,2000,S,null,JAM,03:23.25
W,4X400M Relay Women,Sydney,2000,B,null,RUS,03:23.46
W,4X400M Relay Women,Barcelona,1992,G,null,EUN,3:20.20
W,4X400M Relay Women,Barcelona,1992,S,null,USA,3:20.92
W,4X400M Relay Women,Barcelona,1992,B,null,GBR,3:24.23
W,4X400M Relay Women,Los Angeles,1984,G,null,USA,3:18.29
W,4X400M Relay Women,Los Angeles,1984,S,null,CAN,3:21.21
W,4X400M Relay Women,Los Angeles,1984,B,null,FRG,3:22.98
W,4X400M Relay Women,Montreal,1976,G,null,GDR,3:19.23
W,4X400M Relay Women,Montreal,1976,S,null,USA,3:22.81
W,4X400M Relay Women,Montreal,1976,B,null,URS,3:24.24
W,4X400M Relay Women,London,2012,G,null,USA,3:16.87
W,4X400M Relay Women,London,2012,S,null,JAM,3:20.95
W,4X400M Relay Women,London,2012,B,null,UKR,3:23.57
W,4X400M Relay Women,Athens,2004,G,null,USA,3:19.01
W,4X400M Relay Women,Athens,2004,S,null,RUS,3:20.16
W,4X400M Relay Women,Athens,2004,B,null,JAM,3:22.00
W,4X400M Relay Women,Atlanta,1996,G,null,USA,3:20.91
W,4X400M Relay Women,Atlanta,1996,S,null,NGR,3:21.04
W,4X400M Relay Women,Atlanta,1996,B,null,GER,3:21.14
W,4X400M Relay Women,Moscow,1980,G,null,URS,3:20.2
W,4X400M Relay Women,Moscow,1980,S,null,GDR,3:20.4
W,4X400M Relay Women,Moscow,1980,B,null,GBR,3:27.5
W,4X400M Relay Women,Munich,1972,G,null,GDR,3:23.0
W,4X400M Relay Women,Munich,1972,S,null,USA,3:25.2
W,4X400M Relay Women,Munich,1972,B,null,FRG,3:26.5
W,5000M Women,Rio,2016,G,Vivian Jepkemoi CHERUIYOT,KEN,14:26.17
W,5000M Women,Rio,2016,S,Hellen Onsando OBIRI,KEN,14:29.77
W,5000M Women,Rio,2016,B,Almaz AYANA,ETH,14:33.59
W,5000M Women,Beijing,2008,G,Tirunesh DIBABA,ETH,15:41.40
W,5000M Women,Beijing,2008,S,Elvan ABEYLEGESSE,TUR,15:42.74
W,5000M Women,Beijing,2008,B,Meseret DEFAR,ETH,15:44.12
W,5000M Women,Sydney,2000,G,Gabriela SZABO,ROU,14:40.79
W,5000M Women,Sydney,2000,S,Sonia O'SULLIVAN,IRL,14:41.02
W,5000M Women,Sydney,2000,B,Gete WAMI,ETH,14:42.23
W,5000M Women,London,2012,G,Meseret DEFAR,ETH,15:04.25
W,5000M Women,London,2012,S,Vivian Jepkemoi CHERUIYOT,KEN,15:04.73
W,5000M Women,London,2012,B,Tirunesh DIBABA,ETH,15:05.15
W,5000M Women,Athens,2004,G,Meseret DEFAR,ETH,14:45.65
W,5000M Women,Athens,2004,S,Isabella OCHICHI,KEN,14:48.19
W,5000M Women,Athens,2004,B,Tirunesh DIBABA,ETH,14:51.83
W,5000M Women,Atlanta,1996,G,Junxia WANG,CHN,14:59.88
W,5000M Women,Atlanta,1996,S,Pauline KONGA,KEN,15:03.49
W,5000M Women,Atlanta,1996,B,Roberta BRUNET,ITA,15:07.52
W,800M Women,Rio,2016,G,Caster SEMENYA,RSA,1:55.28
W,800M Women,Rio,2016,S,Francine NIYONSABA,BDI,1:56.49
W,800M Women,Rio,2016,B,Margaret Nyairera WAMBUI,KEN,1:56.89
W,800M Women,Beijing,2008,G,Pamela JELIMO,KEN,1:54.87
W,800M Women,Beijing,2008,S,Janeth Jepkosgei BUSIENEI,KEN,1:56.07
W,800M Women,Beijing,2008,B,Hasna BENHASSI,MAR,1:56.73
W,800M Women,Sydney,2000,G,Maria MUTOLA,MOZ,01:56.15
W,800M Women,Sydney,2000,S,Stephanie GRAF,AUT,01:56.64
W,800M Women,Sydney,2000,B,Kelly HOLMES,GBR,01:56.80
W,800M Women,Barcelona,1992,G,Ellen VAN LANGEN,NED,1:55.54
W,800M Women,Barcelona,1992,S,Liliya NURUTDINOVA,EUN,1:55.99
W,800M Women,Barcelona,1992,B,Ana Fidelia QUIROT,CUB,1:56.80
W,800M Women,Los Angeles,1984,G,Doina MELINTE,ROU,1:57.60
W,800M Women,Los Angeles,1984,S,Kim GALLAGHER,USA,1:58.63
W,800M Women,Los Angeles,1984,B,Fita LOVIN,ROU,1:58.83
W,800M Women,Montreal,1976,G,Tatiana KAZANKINA,URS,1:54.94
W,800M Women,Montreal,1976,S,Nikolina CHTEREVA,BUL,1:55.42
W,800M Women,Montreal,1976,B,Elfi ZINN,GDR,1:55.60
W,800M Women,Mexico,1968,G,Madeline MANNING-JACKSON,USA,2:00.9
W,800M Women,Mexico,1968,S,Ileana SILAI,ROU,2:02.5
W,800M Women,Mexico,1968,B,Maria GOMMERS,NED,2:02.6
W,800M Women,Rome,1960,G,Lyudmila SHEVTSOVA,URS,2:04.3
W,800M Women,Rome,1960,S,Brenda JONES,AUS,2:04.4
W,800M Women,Rome,1960,B,Ursula DONATH,EUA,2:05.6
W,800M Women,London,2012,G,Mariya SAVINOVA,RUS,1:56.19
W,800M Women,London,2012,S,Caster SEMENYA,RSA,1:57.23
W,800M Women,London,2012,B,Ekaterina POISTOGOVA,RUS,1:57.53
W,800M Women,Athens,2004,G,Kelly HOLMES,GBR,1:56.38
W,800M Women,Athens,2004,S,Hasna BENHASSI,MAR,1:56.43
W,800M Women,Athens,2004,B,Jolanda CEPLAK,SLO,1:56.43
W,800M Women,Atlanta,1996,G,Svetlana MASTERKOVA,RUS,1:57.73
W,800M Women,Atlanta,1996,S,Ana Fidelia QUIROT,CUB,1:58.11
W,800M Women,Atlanta,1996,B,Maria MUTOLA,MOZ,1:58.71
W,800M Women,Moscow,1980,G,Nadezhda OLIZARENKO,URS,1:53.5
W,800M Women,Moscow,1980,S,Olga MINEEVA,URS,1:54.9
W,800M Women,Moscow,1980,B,Tatiana PROVIDOKHINA,URS,1:55.5
W,800M Women,Munich,1972,G,Hildegard FALCK,FRG,1:58.55
W,800M Women,Munich,1972,S,Niole SABAITE,URS,1:58.65
W,800M Women,Munich,1972,B,Gunhild HOFFMEISTER,GDR,1:59.19
W,800M Women,Tokyo,1964,G,Ann PACKER,GBR,2:01.1
W,800M Women,Tokyo,1964,S,Maryvonne DUPUREUR,FRA,2:01.9
W,800M Women,Tokyo,1964,B,Ann Marise CHAMBERLAIN,NZL,2:02.8
W,800M Women,Amsterdam,1928,G,Karoline "Lina" RADKE,GER,2:16.8
W,800M Women,Amsterdam,1928,S,Kinue HITOMI,JPN,None
W,800M Women,Amsterdam,1928,B,Inga GENTZEL,SWE,None
W,Discus Throw Women,Rio,2016,G,Sandra PERKOVIC,CRO,69.21
W,Discus Throw Women,Rio,2016,S,Melina ROBERT-MICHON,FRA,66.73
W,Discus Throw Women,Rio,2016,B,Denia CABALLERO,CUB,65.34
W,Discus Throw Women,Beijing,2008,G,Stephanie BROWN TRAFTON,USA,64.74
W,Discus Throw Women,Beijing,2008,B,Olena ANTONOVA,UKR,62.59
W,Discus Throw Women,Sydney,2000,G,Ellina ZVEREVA,BLR,68.4
W,Discus Throw Women,Sydney,2000,S,Anastasia KELESIDOU,GRE,65.71
W,Discus Throw Women,Sydney,2000,B,Iryna YATCHENKO,BLR,65.2
W,Discus Throw Women,Barcelona,1992,G,Maritza MARTEN,CUB,70.06
W,Discus Throw Women,Barcelona,1992,S,Tsvetanka KHRISTOVA,BUL,67.78
W,Discus Throw Women,Barcelona,1992,B,Daniela COSTIAN,AUS,66.24
W,Discus Throw Women,Los Angeles,1984,G,Ria STALMAN,NED,65.36
W,Discus Throw Women,Los Angeles,1984,S,Leslie DENIZ,USA,64.86
W,Discus Throw Women,Los Angeles,1984,B,Florenta CRACIUNESCU,ROU,63.64
W,Discus Throw Women,Mexico,1968,G,Lia MANOLIU,ROU,58.28
W,Discus Throw Women,Mexico,1968,S,Liesel WESTERMANN,FRG,57.76
W,Discus Throw Women,Mexico,1968,B,Jolan KLEIBER-KONTSEK,HUN,54.9
W,Discus Throw Women,Rome,1960,G,Nina ROMASHKOVA,URS,55.1
W,Discus Throw Women,Rome,1960,S,Tamara PRESS,URS,52.59
W,Discus Throw Women,Rome,1960,B,Lia MANOLIU,ROU,52.36
W,Discus Throw Women,Helsinki,1952,G,Nina ROMASHKOVA,URS,51.42
W,Discus Throw Women,Helsinki,1952,S,Yelizaveta BAGRYANTSEVA,URS,47.08
W,Discus Throw Women,Helsinki,1952,B,Nina DUMBADZE,URS,46.29
W,Discus Throw Women,Berlin,1936,G,Gisela MAUERMAYER,GER,47.63
W,Discus Throw Women,Berlin,1936,S,Jadwiga WAJS,POL,46.22
W,Discus Throw Women,Berlin,1936,B,Paula MOLLENHAUER,GER,39.8
W,Discus Throw Women,Amsterdam,1928,G,Halina KONOPACKA,POL,39.62
W,Discus Throw Women,Amsterdam,1928,S,Lillian COPELAND,USA,37.08
W,Discus Throw Women,Amsterdam,1928,B,Ruth SVEDBERG,SWE,35.92
W,Discus Throw Women,London,2012,G,Sandra PERKOVIC,CRO,69.11
W,Discus Throw Women,London,2012,S,Yanfeng LI,CHN,67.22
W,Discus Throw Women,London,2012,B,Yarelys BARRIOS,CUB,66.38
W,Discus Throw Women,Athens,2004,G,Natalya SADOVA,RUS,67.02
W,Discus Throw Women,Athens,2004,S,Anastasia KELESIDOU,GRE,66.68
W,Discus Throw Women,Athens,2004,B,Vera POSPISILOVA-CECHLOVA,CZE,66.08
W,Discus Throw Women,Atlanta,1996,G,Ilke WYLUDDA,GER,69.66
W,Discus Throw Women,Atlanta,1996,S,Natalya SADOVA,RUS,66.48
W,Discus Throw Women,Atlanta,1996,B,Ellina ZVEREVA,BLR,65.64
W,Discus Throw Women,Moscow,1980,G,Evelin SCHLAAK-JAHL,GDR,69.96
W,Discus Throw Women,Moscow,1980,S,Maria VERGOVA-PETKOVA,BUL,67.9
W,Discus Throw Women,Moscow,1980,B,Tatiana LESOVAIA,URS,67.4
W,Discus Throw Women,Munich,1972,G,Faina MELNIK,URS,66.62
W,Discus Throw Women,Munich,1972,S,Argentina MENIS,ROU,65.06
W,Discus Throw Women,Munich,1972,B,Vassilka STOEVA,BUL,64.34
W,Discus Throw Women,Tokyo,1964,G,Tamara PRESS,URS,57.27
W,Discus Throw Women,Tokyo,1964,S,Ingrid LOTZ,EUA,57.21
W,Discus Throw Women,Tokyo,1964,B,Lia MANOLIU,ROU,56.97
W,Discus Throw Women,London,1948,G,Micheline OSTERMEYER,FRA,41.92
W,Discus Throw Women,London,1948,S,Edera CORDIALE-GENTILE,ITA,41.17
W,Discus Throw Women,London,1948,B,Jacqueline MAZEAS,FRA,40.47
W,Discus Throw Women,Los Angeles,1932,G,Lillian COPELAND,USA,40.58
W,Discus Throw Women,Los Angeles,1932,S,Ruth OSBURN,USA,40.12
W,Discus Throw Women,Los Angeles,1932,B,Jadwiga WAJS,POL,38.74
W,Hammer Throw Women,Rio,2016,G,Anita WLODARCZYK,POL,82.29
W,Hammer Throw Women,Rio,2016,S,Wenxiu ZHANG,CHN,76.75
W,Hammer Throw Women,Rio,2016,B,Sophie HITCHON,GBR,74.54
W,Hammer Throw Women,Beijing,2008,G,Yipsi MORENO,CUB,75.2
W,Hammer Throw Women,Beijing,2008,S,Wenxiu ZHANG,CHN,74.32
W,Hammer Throw Women,Beijing,2008,B,Manuela MONTEBRUN,FRA,72.54
W,Hammer Throw Women,Sydney,2000,G,Kamila SKOLIMOWSKA,POL,71.16
W,Hammer Throw Women,Sydney,2000,S,Olga KUZENKOVA,RUS,69.77
W,Hammer Throw Women,Sydney,2000,B,Kirsten MÃNCHOW,GER,69.28
W,Hammer Throw Women,London,2012,S,Anita WLODARCZYK,POL,77.6
W,Hammer Throw Women,London,2012,B,Betty HEIDLER,GER,77.13
W,Hammer Throw Women,Athens,2004,G,Olga KUZENKOVA,RUS,75.02
W,Hammer Throw Women,Athens,2004,S,Yipsi MORENO,CUB,73.36
W,Hammer Throw Women,Athens,2004,B,Yunaika CRAWFORD,CUB,73.16
W,Heptathlon Women,Rio,2016,G,Nafissatou THIAM,BEL,6810.0
W,Heptathlon Women,Rio,2016,S,Jessica ENNIS HILL,GBR,6775.0
W,Heptathlon Women,Rio,2016,B,Brianne THEISEN EATON,CAN,6653.0
W,Heptathlon Women,Beijing,2008,G,Natallia DOBRYNSKA,UKR,6733.0
W,Heptathlon Women,Beijing,2008,S,Hyleas FOUNTAIN,USA,6619.0
W,Heptathlon Women,Beijing,2008,B,Tatyana CHERNOVA,RUS,6591.0
W,Heptathlon Women,Sydney,2000,G,Denise LEWIS,GBR,6584.0
W,Heptathlon Women,Sydney,2000,S,Yelena PROKHOROVA,RUS,6531.0
W,Heptathlon Women,Sydney,2000,B,Natalya SAZANOVICH,BLR,6527.0
W,Heptathlon Women,Barcelona,1992,G,Jackie JOYNER,USA,7044 P.
W,Heptathlon Women,Barcelona,1992,S,Irina BELOVA,EUN,6845.0
W,Heptathlon Women,Barcelona,1992,B,Sabine BRAUN,GER,6649.0
W,Heptathlon Women,Los Angeles,1984,G,Glynis NUNN,AUS,6390.0
W,Heptathlon Women,Los Angeles,1984,S,Jackie JOYNER,USA,6385.0
W,Heptathlon Women,Los Angeles,1984,B,Sabine EVERTS,FRG,6363.0
W,Heptathlon Women,London,2012,G,Jessica ENNIS HILL,GBR,6955.0
W,Heptathlon Women,London,2012,S,Lilli SCHWARZKOPF,GER,6649.0
W,Heptathlon Women,London,2012,B,Tatyana CHERNOVA,RUS,6628.0
W,Heptathlon Women,Athens,2004,G,Carolina KLUFT,SWE,6952.0
W,Heptathlon Women,Athens,2004,S,Austra SKUJYTE,LTU,6435.0
W,Heptathlon Women,Athens,2004,B,Kelly SOTHERTON,GBR,6424.0
W,Heptathlon Women,Atlanta,1996,G,Ghada SHOUAA,SYR,6780.0
W,Heptathlon Women,Atlanta,1996,S,Natalya SAZANOVICH,BLR,6563.0
W,Heptathlon Women,Atlanta,1996,B,Denise LEWIS,GBR,6489.0
W,Heptathlon Women,Seoul,1988,G,Jackie JOYNER,USA,7291 P.
W,Heptathlon Women,Seoul,1988,S,Sabine JOHN,GDR,6897.0
W,Heptathlon Women,Seoul,1988,B,Anke BEHMER,GDR,6858.0
W,High Jump Women,Rio,2016,G,Ruth BEITIA,ESP,None
W,High Jump Women,Rio,2016,S,Mirela DEMIREVA,BUL,None
W,High Jump Women,Rio,2016,B,Blanka VLASIC,CRO,None
W,High Jump Women,Beijing,2008,G,Tia HELLEBAUT,BEL,2.05
W,High Jump Women,Beijing,2008,S,Blanka VLASIC,CRO,2.05
W,High Jump Women,Sydney,2000,G,Yelena YELESINA,RUS,2.01
W,High Jump Women,Sydney,2000,S,Hestrie CLOETE,RSA,2.01
W,High Jump Women,Sydney,2000,B,Kajsa BERGQVIST,SWE,1.99
W,High Jump Women,Sydney,2000,B,Oana PANTELIMON,ROU,1.99
W,High Jump Women,Barcelona,1992,G,Heike HENKEL,GER,2.02
W,High Jump Women,Barcelona,1992,S,Galina ASTAFEI,ROU,2.0
W,High Jump Women,Barcelona,1992,B,Joanet QUINTERO,CUB,1.97
W,High Jump Women,Montreal,1976,G,Rosemarie WITSCHAS-ACKERMANN,GDR,1.93
W,High Jump Women,Montreal,1976,S,Sara SIMEONI,ITA,1.91
W,High Jump Women,Montreal,1976,B,Yordanka BLAGOEVA-DIMITROVA,BUL,1.91
W,High Jump Women,Rome,1960,G,Iolanda BALAS,ROU,1.85
W,High Jump Women,Rome,1960,S,Dorothy SHIRLEY,GBR,1.71
W,High Jump Women,Rome,1960,S,Jaroslawa JÃZWIAKOWSKA,POL,1.71
W,High Jump Women,Helsinki,1952,G,Esther BRAND,RSA,1.67
W,High Jump Women,Helsinki,1952,S,Sheila LERWILL,GBR,1.65
W,High Jump Women,Helsinki,1952,B,Aleksandra CHUDINA,URS,1.63
W,High Jump Women,Berlin,1936,G,Ibolya CSÃK,HUN,1.6
W,High Jump Women,Berlin,1936,S,Dorothy ODAM,GBR,1.6
W,High Jump Women,Berlin,1936,B,Elfriede KAUN,GER,1.6
W,High Jump Women,London,2012,G,Anna CHICHEROVA,RUS,2.05
W,High Jump Women,London,2012,S,Brigetta BARRETT,USA,2.03
W,High Jump Women,London,2012,B,Svetlana SHKOLINA,RUS,2.03
W,High Jump Women,Athens,2004,G,Elena SLESARENKO,RUS,2.06
W,High Jump Women,Athens,2004,S,Hestrie CLOETE,RSA,2.02
W,High Jump Women,Athens,2004,B,Vita STYOPINA,UKR,2.02
W,High Jump Women,Atlanta,1996,G,Stefka KOSTADINOVA,BUL,2.05
W,High Jump Women,Atlanta,1996,S,Niki BAKOGIANNI,GRE,2.03
W,High Jump Women,Atlanta,1996,B,Inha BABAKOVA,UKR,2.01
W,High Jump Women,Moscow,1980,G,Sara SIMEONI,ITA,1.97
W,High Jump Women,Moscow,1980,S,Urszula KIELAN,POL,1.94
W,High Jump Women,Moscow,1980,B,Jutta KIRST,GDR,1.94
W,High Jump Women,Tokyo,1964,G,Iolanda BALAS,ROU,1.9
W,High Jump Women,Tokyo,1964,S,Michele BROWN,AUS,1.8
W,High Jump Women,Tokyo,1964,B,Taisiya CHENCHIK,URS,1.78
W,High Jump Women,London,1948,G,Alice COACHMAN,USA,1.68
W,High Jump Women,London,1948,S,Dorothy ODAM,GBR,1.68
W,High Jump Women,London,1948,B,Micheline OSTERMEYER,FRA,1.61
W,High Jump Women,Los Angeles,1932,G,Jean SHILEY,USA,1.65
W,High Jump Women,Los Angeles,1932,S,Mildred DIDRIKSON,USA,1.65
W,High Jump Women,Los Angeles,1932,B,Eva DAWES,CAN,1.6
W,Javelin Throw Women,Rio,2016,G,Sara KOLAK,CRO,66.18
W,Javelin Throw Women,Rio,2016,S,Sunette VILJOEN,RSA,64.92
W,Javelin Throw Women,Rio,2016,B,Barbora SPOTAKOVA,CZE,64.8
W,Javelin Throw Women,Beijing,2008,G,Barbora SPOTAKOVA,CZE,71.42
W,Javelin Throw Women,Beijing,2008,B,Christina OBERGFOLL,GER,66.13
W,Javelin Throw Women,Sydney,2000,G,Trine HATTESTAD,NOR,68.91
W,Javelin Throw Women,Sydney,2000,S,Mirela MANIANI,GRE,67.51
W,Javelin Throw Women,Sydney,2000,B,Osleidys MENÃNDEZ,CUB,66.18
W,Javelin Throw Women,Barcelona,1992,G,Silke RENK,GER,68.34
W,Javelin Throw Women,Barcelona,1992,S,Natalia SHIKOLENKO,EUN,68.26
W,Javelin Throw Women,Barcelona,1992,B,Karen FORKEL,GER,66.86
W,Javelin Throw Women,Montreal,1976,G,Ruth FUCHS,GDR,65.94
W,Javelin Throw Women,Montreal,1976,S,Marion BECKER-STEINER,FRG,64.7
W,Javelin Throw Women,Montreal,1976,B,Kathryn Joan SCHMIDT,USA,63.96
W,Javelin Throw Women,Mexico,1968,G,Angela NEMETH,HUN,60.36
W,Javelin Throw Women,Mexico,1968,S,Mihaela PENES,ROU,59.92
W,Javelin Throw Women,Mexico,1968,B,Eva JANKO-EGGER,AUT,58.04
W,Javelin Throw Women,Rome,1960,G,Elvira OZOLINA,URS,55.98
W,Javelin Throw Women,Rome,1960,S,Dana INGROVA-ZATOPKOVA,TCH,53.78
W,Javelin Throw Women,Rome,1960,B,Birute KALEDIENE,URS,53.45
W,Javelin Throw Women,Helsinki,1952,G,Dana INGROVA-ZATOPKOVA,TCH,50.47
W,Javelin Throw Women,Helsinki,1952,S,Aleksandra CHUDINA,URS,50.01
W,Javelin Throw Women,Helsinki,1952,B,Yelena GORCHAKOVA,URS,49.76
W,Javelin Throw Women,Berlin,1936,G,Tilly FLEISCHER,GER,45.18
W,Javelin Throw Women,Berlin,1936,S,Luise KRÃGER,GER,43.29
W,Javelin Throw Women,Berlin,1936,B,Maria KWASNIEWSKA,POL,41.8
W,Javelin Throw Women,London,2012,G,Barbora SPOTAKOVA,CZE,69.55
W,Javelin Throw Women,London,2012,S,Christina OBERGFOLL,GER,65.16
W,Javelin Throw Women,London,2012,B,Linda STAHL,GER,64.91
W,Javelin Throw Women,Athens,2004,G,Osleidys MENÃNDEZ,CUB,71.53
W,Javelin Throw Women,Athens,2004,S,Steffi NERIUS,GER,65.82
W,Javelin Throw Women,Athens,2004,B,Mirela MANIANI,GRE,64.29
W,Javelin Throw Women,Atlanta,1996,G,Heli RANTANEN,FIN,67.94
W,Javelin Throw Women,Atlanta,1996,S,Louise MCPAUL,AUS,65.54
W,Javelin Throw Women,Atlanta,1996,B,Trine HATTESTAD,NOR,64.98
W,Javelin Throw Women,Moscow,1980,G,Maria COLON,CUB,68.4
W,Javelin Throw Women,Moscow,1980,S,Saida GUNBA,URS,67.76
W,Javelin Throw Women,Moscow,1980,B,Ute HOMMOLA,GDR,66.56
W,Javelin Throw Women,Munich,1972,G,Ruth FUCHS,GDR,63.88
W,Javelin Throw Women,Munich,1972,S,Jacqueline TODTEN,GDR,62.54
W,Javelin Throw Women,Munich,1972,B,Kathryn Joan SCHMIDT,USA,59.94
W,Javelin Throw Women,Tokyo,1964,G,Mihaela PENES,ROU,60.54
W,Javelin Throw Women,Tokyo,1964,S,Marta ANTAL-RUDAS,HUN,58.27
W,Javelin Throw Women,Tokyo,1964,B,Yelena GORCHAKOVA,URS,57.06
W,Javelin Throw Women,London,1948,G,Herma BAUMA,AUT,45.57
W,Javelin Throw Women,London,1948,S,Kaisa PARVIAINEN,FIN,43.79
W,Javelin Throw Women,London,1948,B,Lily CARLSTEDT,DEN,42.08
W,Javelin Throw Women,Los Angeles,1932,G,Mildred DIDRIKSON,USA,43.68
W,Javelin Throw Women,Los Angeles,1932,S,Ellen BRAUMÃLLER,GER,43.49
W,Javelin Throw Women,Los Angeles,1932,B,Tilly FLEISCHER,GER,43.0
W,Long Jump Women,Rio,2016,G,Tianna BARTOLETTA,USA,7.17
W,Long Jump Women,Rio,2016,S,Brittney REESE,USA,7.15
W,Long Jump Women,Rio,2016,B,Ivana SPANOVIC,SRB,7.08
W,Long Jump Women,Beijing,2008,G,Maurren Higa MAGGI,BRA,7.04
W,Long Jump Women,Beijing,2008,B,Blessing OKAGBARE,NGR,6.91
W,Long Jump Women,Sydney,2000,G,Heike DRECHSLER,GER,6.99
W,Long Jump Women,Sydney,2000,S,Fiona MAY,ITA,6.92
W,Long Jump Women,Sydney,2000,B,Tatyana KOTOVA,RUS,6.83
W,Long Jump Women,Barcelona,1992,G,Heike DRECHSLER,GER,7.14
W,Long Jump Women,Barcelona,1992,S,Inessa KRAVETS,EUN,7.12
W,Long Jump Women,Barcelona,1992,B,Jackie JOYNER,USA,7.07
W,Long Jump Women,Montreal,1976,G,Angela VOIGT,GDR,6.72
W,Long Jump Women,Montreal,1976,S,Catherine Laverne MCMILLAN,USA,6.66
W,Long Jump Women,Montreal,1976,B,Lidia ALFEEVA,URS,6.6
W,Long Jump Women,Rome,1960,G,Vera KOLASHNIKOVA-KREPKINA,URS,6.37
W,Long Jump Women,Rome,1960,S,Elzbieta KRZESINSKA,POL,6.27
W,Long Jump Women,Rome,1960,B,Hildrun CLAUS,EUA,6.21
W,Long Jump Women,Helsinki,1952,G,Yvette WILLIAMS,NZL,6.24
W,Long Jump Women,Helsinki,1952,S,Aleksandra CHUDINA,URS,6.14
W,Long Jump Women,Helsinki,1952,B,Shirley CAWLEY,GBR,5.92
W,Long Jump Women,London,2012,G,Brittney REESE,USA,7.12
W,Long Jump Women,London,2012,S,Elena SOKOLOVA,RUS,7.07
W,Long Jump Women,London,2012,B,Janay DELOACH,USA,6.89
W,Long Jump Women,Athens,2004,G,Tatyana LEBEDEVA,RUS,7.07
W,Long Jump Women,Athens,2004,S,Irina SIMAGINA,RUS,7.05
W,Long Jump Women,Athens,2004,B,Tatyana KOTOVA,RUS,7.05
W,Long Jump Women,Atlanta,1996,G,Chioma AJUNWA,NGR,7.12
W,Long Jump Women,Atlanta,1996,S,Fiona MAY,ITA,7.02
W,Long Jump Women,Atlanta,1996,B,Jackie JOYNER,USA,7.0
W,Long Jump Women,Moscow,1980,G,Tatiana KOLPAKOVA,URS,7.06
W,Long Jump Women,Moscow,1980,S,Brigitte WUJAK,GDR,7.04
W,Long Jump Women,Moscow,1980,B,Tatiana SKACHKO,URS,7.01
W,Long Jump Women,Tokyo,1964,G,Mary RAND,GBR,6.76
W,Long Jump Women,Tokyo,1964,S,Irena KIRSZENSTEIN,POL,6.6
W,Long Jump Women,Tokyo,1964,B,Tatyana SHCHELKANOVA,URS,6.42
W,Marathon Women,Rio,2016,G,Jemima Jelagat SUMGONG,KEN,2:24:04
W,Marathon Women,Rio,2016,S,Eunice Jepkirui KIRWA,BRN,2:24:13
W,Marathon Women,Rio,2016,B,Mare DIBABA,ETH,2:24:30
W,Marathon Women,Beijing,2008,G,Constantina TOMESCU,ROU,2h26:44
W,Marathon Women,Beijing,2008,S,Catherine NDEREBA,KEN,2h27:06
W,Marathon Women,Beijing,2008,B,Chunxiu ZHOU,CHN,2h27:07
W,Marathon Women,Sydney,2000,G,Naoko TAKAHASHI,JPN,02h23:14
W,Marathon Women,Sydney,2000,S,Lidia SIMON,ROU,02h23:22
W,Marathon Women,Sydney,2000,B,Joyce CHEPCHUMBA,KEN,02h24:45
W,Marathon Women,Barcelona,1992,G,Valentina YEGOROVA,EUN,2:32:41
W,Marathon Women,Barcelona,1992,S,Yuko ARIMORI,JPN,2:32:49
W,Marathon Women,Barcelona,1992,B,Lorraine MOLLER,NZL,2:33:59
W,Marathon Women,Los Angeles,1984,G,Joan BENOIT,USA,2:24:52
W,Marathon Women,Los Angeles,1984,S,Grete ANDERSEN,NOR,2:26:18
W,Marathon Women,Los Angeles,1984,B,Rosa MOTA,POR,2:26:57
W,Marathon Women,London,2012,G,Tiki GELANA,ETH,2:23:07
W,Marathon Women,London,2012,S,Priscah JEPTOO,KEN,2:23:12
W,Marathon Women,London,2012,B,Tatyana PETROVA ARKHIPOVA,RUS,2:23:29
W,Marathon Women,Athens,2004,G,Mizuki NOGUCHI,JPN,2h26:20
W,Marathon Women,Athens,2004,S,Catherine NDEREBA,KEN,2h26:32
W,Marathon Women,Athens,2004,B,Deena KASTOR,USA,2h27:20
W,Marathon Women,Atlanta,1996,G,Fatuma ROBA,ETH,2:26:05
W,Marathon Women,Atlanta,1996,S,Valentina YEGOROVA,RUS,2:28:05
W,Marathon Women,Atlanta,1996,B,Yuko ARIMORI,JPN,2:28:39
W,Marathon Women,Seoul,1988,G,Rosa MOTA,POR,2:25:40
W,Marathon Women,Seoul,1988,S,Lisa ONDIEKI,AUS,2:25:53
W,Marathon Women,Seoul,1988,B,Katrin DÃRRE,GDR,2:26:21
W,Pole Vault Women,Rio,2016,G,Ekaterini STEFANIDI,GRE,4.85
W,Pole Vault Women,Rio,2016,S,Sandi MORRIS,USA,4.85
W,Pole Vault Women,Rio,2016,B,Eliza MCCARTNEY,NZL,4.8
W,Pole Vault Women,Beijing,2008,G,Yelena ISINBAEVA,RUS,5.05
W,Pole Vault Women,Beijing,2008,S,Jennifer SUHR,USA,4.8
W,Pole Vault Women,Beijing,2008,B,Svetlana FEOFANOVA,RUS,4.75
W,Pole Vault Women,Sydney,2000,G,Stacy DRAGILA,USA,4.6
W,Pole Vault Women,Sydney,2000,S,Tatiana GRIGORIEVA,AUS,4.55
W,Pole Vault Women,Sydney,2000,B,Vala FLOSADÃTTIR,ISL,4.5
W,Pole Vault Women,London,2012,G,Jennifer SUHR,USA,4.75
W,Pole Vault Women,London,2012,S,Yarisley SILVA,CUB,4.75
W,Pole Vault Women,London,2012,B,Yelena ISINBAEVA,RUS,4.7
W,Pole Vault Women,Athens,2004,G,Yelena ISINBAEVA,RUS,4.91
W,Pole Vault Women,Athens,2004,S,Svetlana FEOFANOVA,RUS,4.75
W,Pole Vault Women,Athens,2004,B,Anna ROGOWSKA,POL,4.7
W,Shot Put Women,Rio,2016,G,Michelle CARTER,USA,20.63
W,Shot Put Women,Rio,2016,S,Valerie ADAMS,NZL,20.42
W,Shot Put Women,Rio,2016,B,Anita MARTON,HUN,19.87
W,Shot Put Women,Beijing,2008,G,Valerie ADAMS,NZL,20.56
W,Shot Put Women,Sydney,2000,G,Yanina KAROLCHIK,BLR,20.56
W,Shot Put Women,Sydney,2000,S,Larisa PELESHENKO,RUS,19.92
W,Shot Put Women,Sydney,2000,B,Astrid KUMBERNUSS,GER,19.62
W,Shot Put Women,Barcelona,1992,G,Svetlana KRIVELYOVA,EUN,21.06
W,Shot Put Women,Barcelona,1992,S,Zhihong HUANG,CHN,20.47
W,Shot Put Women,Barcelona,1992,B,Kathrin NEIMKE,GER,19.78
W,Shot Put Women,Los Angeles,1984,G,Claudia LOSCH,FRG,20.48
W,Shot Put Women,Los Angeles,1984,S,Mihaela LOGHIN,ROU,20.47
W,Shot Put Women,Los Angeles,1984,B,Gael MARTIN,AUS,19.19
W,Shot Put Women,Montreal,1976,G,Ivanka KHRISTOVA,BUL,21.16
W,Shot Put Women,Montreal,1976,S,Nadezhda CHIZHOVA,URS,20.96
W,Shot Put Women,Montreal,1976,B,Helena FIBINGEROVÃ,TCH,20.67
W,Shot Put Women,Mexico,1968,G,Margitta HELMBOLD-GUMMEL,GDR,19.61
W,Shot Put Women,Mexico,1968,S,Marita LANGE,GDR,18.78
W,Shot Put Women,Mexico,1968,B,Nadezhda CHIZHOVA,URS,18.19
W,Shot Put Women,Rome,1960,G,Tamara PRESS,URS,17.32
W,Shot Put Women,Rome,1960,S,Johanna LÃTTGE,EUA,16.61
W,Shot Put Women,Rome,1960,B,Earlene BROWN,USA,16.42
W,Shot Put Women,Helsinki,1952,G,Galina ZYBINA,URS,15.28
W,Shot Put Women,Helsinki,1952,S,Marianne WERNER,GER,14.57
W,Shot Put Women,Helsinki,1952,B,Klavdiya TOCHENOVA,URS,14.5
W,Shot Put Women,London,2012,G,Valerie ADAMS,NZL,20.7
W,Shot Put Women,London,2012,B,Lijiao GONG,CHN,20.22
W,Shot Put Women,Athens,2004,G,Yumileidi CUMBA,CUB,19.59
W,Shot Put Women,Athens,2004,S,Nadine KLEINERT-SCHMITT,GER,19.55
W,Shot Put Women,Atlanta,1996,G,Astrid KUMBERNUSS,GER,20.56
W,Shot Put Women,Atlanta,1996,S,Xinmei SUI,CHN,19.88
W,Shot Put Women,Atlanta,1996,B,Irina KHUDOROZHKINA,RUS,19.35
W,Shot Put Women,Moscow,1980,G,Ilona SCHOKNECHT-SLUPIANEK,GDR,22.41
W,Shot Put Women,Moscow,1980,S,Esfira DOLCHENKO-KRACHEVSKAYA,URS,21.42
W,Shot Put Women,Moscow,1980,B,Margitta DROESE-PUFE,GDR,21.2
W,Shot Put Women,Munich,1972,G,Nadezhda CHIZHOVA,URS,21.03
W,Shot Put Women,Munich,1972,S,Margitta HELMBOLD-GUMMEL,GDR,20.22
W,Shot Put Women,Munich,1972,B,Ivanka KHRISTOVA,BUL,19.35
W,Shot Put Women,Tokyo,1964,G,Tamara PRESS,URS,18.14
W,Shot Put Women,Tokyo,1964,S,Renate GARISCH-CULMBERGER-BOY,EUA,17.61
W,Shot Put Women,Tokyo,1964,B,Galina ZYBINA,URS,17.45
W,Triple Jump Women,Rio,2016,G,Caterine IBARGUEN,COL,15.17
W,Triple Jump Women,Rio,2016,S,Yulimar ROJAS,VEN,14.98
W,Triple Jump Women,Rio,2016,B,Olga RYPAKOVA,KAZ,14.74
W,Triple Jump Women,Beijing,2008,G,Francoise MBANGO ETONE,CMR,15.39
W,Triple Jump Women,Sydney,2000,G,Tereza MARINOVA,BUL,15.2
W,Triple Jump Women,Sydney,2000,S,Tatyana LEBEDEVA,RUS,15.0
W,Triple Jump Women,Sydney,2000,B,Olena HOVOROVA,UKR,14.96
W,Triple Jump Women,London,2012,G,Olga RYPAKOVA,KAZ,14.98
W,Triple Jump Women,London,2012,S,Caterine IBARGUEN,COL,14.8
W,Triple Jump Women,London,2012,B,Olga SALADUKHA,UKR,14.79
W,Triple Jump Women,Athens,2004,G,Francoise MBANGO ETONE,CMR,15.3
W,Triple Jump Women,Athens,2004,S,Hrysopiyi DEVETZI,GRE,15.25
W,Triple Jump Women,Athens,2004,B,Tatyana LEBEDEVA,RUS,15.14
W,Triple Jump Women,Atlanta,1996,G,Inessa KRAVETS,UKR,15.33
W,Triple Jump Women,Atlanta,1996,S,Inna LASOVSKAYA,RUS,14.98
W,Triple Jump Women,Atlanta,1996,B,Sarka KASPARKOVA,CZE,14.98
